 	1	2	3	4	5	6	7	8	9	10	11	12	13
A	40468792.58	29007982.26	21203481.17	18342131.33	5570806.64	4254430.43	19552097.75	9355652.51	31457535.05	37542843.74	29786105.85	1797125.12	552951.26
B	45167994.63	38009218.73	31429411.13	33381492.29	30873096.91	26279942.46	29653353.35	13716523.49	36773959.71	29968063.93	28950660.24	3450121.67	2298501.46
C	60842764.85	56361994.0	60504133.86	42633218.81	21344928.71	39201580.02	56833859.05	14168652.27	20337661.36	28197820.64	28433622.36	25438178.23	30727984.7
D	58671822.94	48120898.19	45191868.71	58775194.57	68437153.84	25174408.72	50888020.76	7310210.61	12045865.68	20717847.49	23485092.8	23741269.71	8946977.78
E	58784346.89	66904229.86	81185385.8	74033294.14	38588524.96	64398256.24	36086199.49	6538935.77	20783017.87	27186669.53	27496112.74	21861723.17	26494130.14
F	63411042.13	67130511.32	66162698.25	59746873.17	21216482.89	42761192.43	17027936.3	6775693.62	18119346.63	29299023.6	37184110.25	10126671.25	33689662.7
G	47316712.02	38307039.38	53518023.52	47521891.98	10273869.59	17309889.67	26838126.64	12840040.64	25750313.03	40788325.88	31704474.58	13946124.44	17392019.59
H	48619241.63	43478381.05	36087924.77	42063254.43	14348031.17	37315185.78	29397318.77	11859309.12	32274566.22	38148627.87	38429191.38	6932443.03	35770151.67
I	42209232.89	32344072.15	24112024.76	25772871.57	7889489.95	10769948.35	38661230.09	37252413.09	55266528.89	78023648.29	65193527.76	10224453.1	33630272.6
J	40941020.88	29225012.35	18325315.97	21743539.89	7383970.54	6360951.75	26290620.84	17128698.01	43505429.57	60950500.04	55003431.42	27474448.51	34629847.71
K	42560816.84	35085856.69	41041330.33	28380725.47	14426656.94	19413575.68	20453597.01	23552056.57	38698784.05	47395700.56	43805084.27	28198477.82	31675956.12
L	34498203.41	31285439.62	37074602.76	17429181.61	13738377.5	30779247.19	19324065.25	53909457.55	33780665.77	43024080.45	50631228.86	39557803.32	6713101.01
M	53182817.78	65781803.09	78900061.57	39717599.57	37830881.4	29189960.42	33098084.0	57097540.97	32442472.74	63597376.15	94571888.69	31306920.97	19565012.26
N	36792927.89	31016171.76	38797573.93	16984511.06	15791924.98	14892692.46	24553456.16	54329756.81	36759339.5	44867070.02	62763979.44	17507279.38	5455307.83
O	35483880.77	36428266.05	33227375.81	22055115.54	24260847.84	35716872.28	25497317.02	26569669.7	37565797.59	41128276.62	45497299.24	14096189.82	11973462.6
P	31351880.31	32116666.12	28461271.96	24869840.24	43779736.4	14755261.51	23554470.87	70848442.03	36385173.93	36585698.39	48978630.87	13212743.76	1493981.13
Q	33233840.48	33251647.68	23632743.0	22920143.56	78756058.94	17952895.48	26578422.25	63536336.65	23316306.82	31272601.79	37321134.64	6141000.51	2063547.81
R	32761715.8	29409495.61	24173443.05	27761292.87	56313368.74	22844227.31	36393201.07	36875502.38	24545128.96	34463838.0	44040383.69	7631407.69	29096921.21
S	37360932.67	32722235.45	40723420.1	39138376.71	37608051.98	29093956.83	54582437.72	20753445.37	29156011.33	47984284.36	50669281.76	6293329.86	3890206.23
T	42122560.3	33238344.89	42327506.61	42365610.52	11063554.37	37182631.28	45807884.61	17414107.61	29783884.11	46320132.38	43743132.31	11685888.16	14830134.18
U	34338019.31	42098160.85	42081712.09	42726329.8	20881945.22	35219403.86	44908275.33	32782389.68	39700298.0	46806169.82	48932808.92	27263794.61	15189222.3
V	47171507.11	45418557.27	34336171.99	42701446.71	14889360.21	68923243.44	38049939.77	17257538.33	27972027.53	41021965.65	44915423.27	69427333.09	43516823.13
W	55182492.85	53369481.48	42487086.9	51423897.08	11210886.65	101892150.46	24256979.32	22116597.58	41325567.57	49190812.2	47621041.17	59579439.07	3223902.21
X	53421831.3	47801411.6	35743824.81	49249176.41	17206141.14	7152865.16	39608998.68	16192776.11	26970385.53	51751513.13	41741686.21	51181714.25	1589748.83
