 	1	2	3	4	5	6	7	8	9	10	11	12	13	14
A	57769869.41	55926164.81	39313996.01	37865356.32	10795804.11	8187104.88	9594155.98	2018372.61	6217711.38	3840007.06	6846161.92	1360043.77	5527993.21	1678981.8
B	28461723.18	30040781.39	21558752.3	20598480.25	18555496.48	15732706.34	13594028.86	4410704.31	8341287.1	4288727.5	5292681.76	1640789.36	2679568.97	487253.1
C	16715843.79	14371301.48	12151704.68	10578688.91	7690779.51	9142833.0	26890261.51	4051826.84	25012313.06	3841390.88	5545876.13	7219545.44	6287326.71	566086.66
D	15510393.99	14353841.1	9239490.92	10892008.94	11451418.05	9385875.95	20910996.2	4616698.09	21651483.23	6231937.25	4770905.49	3220631.78	1906947.35	769710.68
E	17178781.76	16983846.69	11220737.59	14202971.76	9454110.05	2776552.99	21580212.88	2610757.81	15734455.46	3977412.03	6255148.01	5227203.8	6806721.1	3631610.78
F	18897803.19	16140364.9	13702839.85	15809040.23	29752472.87	2968673.02	9212032.18	2856478.87	13071042.91	4507320.01	7625000.71	1756892.03	2621908.98	3285867.87
G	22486029.97	23098957.33	25669907.27	37089279.75	44185365.46	6754961.5	13394521.69	3369561.53	12117100.17	7556688.21	9549770.93	2071173.52	4391135.21	587897.79
H	22191431.08	23674985.96	18164945.3	24628966.99	13446199.17	11070782.09	12098004.53	4663075.52	11858682.15	5666043.62	8301341.65	3192754.87	10630816.32	715158.39
I	37288520.03	44426468.6	38753560.48	45403491.61	10642799.57	18615996.69	10694868.94	4530013.96	10196994.81	8715887.35	10585271.59	6974288.02	8794160.65	561069.48
J	31730461.4	37604382.03	28492523.03	41312922.98	10600383.79	12090914.17	8911800.31	3230949.2	6489077.16	6145694.37	10863220.83	31421899.51	12508106.58	975064.28
K	26105088.21	30175548.18	36148302.43	35418266.09	18512054.85	12022643.27	11933746.01	8322372.94	18933411.0	8270988.55	9586327.98	18396876.61	9667239.79	626466.72
L	16815512.66	15917817.75	21872556.93	8564705.93	7106746.57	6873387.24	16102112.87	14553305.38	20351866.72	12507919.6	9162149.47	18805531.83	918699.85	807006.76
M	95648523.72	53887587.26	40415750.38	23050413.43	32312527.24	28349260.08	13228969.04	15801374.69	22706864.65	37987938.25	10797662.91	8932451.81	943737.83	341961.9
N	16110327.36	17063209.62	22345975.33	8010112.2	8387995.29	12176941.52	9565306.54	12706723.35	23835397.37	23165898.56	7988929.32	5929201.31	655690.86	345895.48
O	17546170.01	21883564.8	10575226.67	13351260.6	9628984.16	15035881.39	16888039.79	19337453.45	9548815.03	10958210.81	7682590.43	2562058.55	2491311.08	509169.85
P	15642994.26	13617698.7	9229664.36	10034412.34	13439538.37	8101204.24	18441811.17	17908320.57	9853472.39	14129443.74	8347725.72	8789595.69	692111.83	1010177.94
Q	12214825.83	14712073.48	9351300.89	7065358.94	14269870.35	15193757.05	14011304.44	30462966.69	12612625.63	24633043.9	7259836.17	1527027.59	1207483.06	728523.16
R	16277349.15	15256783.72	10960257.31	8318216.33	13619538.02	37552037.71	17102271.06	18013781.55	11847572.27	17809206.23	6090828.08	2040373.32	6274482.38	1035220.03
S	20179855.71	20115588.7	17945217.99	23050973.22	18084885.01	20677985.77	15312250.42	9149386.91	9905231.87	6965865.37	7904853.34	1940427.74	1219977.64	921365.62
T	22720511.71	20550141.59	19182815.61	27019760.83	16055719.43	14037028.81	14797336.85	4281013.69	8115502.67	5927639.67	7927155.75	14777662.74	3230471.91	2708551.9
U	14972223.62	17925537.59	17190248.91	16714127.71	15116934.74	18941935.35	8698576.96	9214326.11	7896383.65	6306662.88	6164729.42	7272825.85	1950427.09	4554025.6
V	24539488.99	21676508.81	18577504.31	21652310.07	19503898.99	31329723.5	10131046.22	4711887.12	5294236.78	5132233.95	6961053.12	8298278.79	5211079.27	3851619.85
W	30839025.61	33457266.16	21623532.88	26678259.74	10016819.6	4858247.96	4801887.92	2732020.94	4309045.81	6394528.1	12259133.97	7550785.66	4862039.19	2367554.04
X	32374777.32	35724236.59	22722773.6	34721065.36	25435503.11	10019094.67	8492919.55	2828489.23	4434233.88	9732813.12	16492387.47	6115269.36	1809724.09	1341134.35
