	1	2	3	4	5	6	7	8	9	10	11	12	13
A	293945075.56	272852876.91	183300409.66	178289904.81	44550542.54	47676893.36	106386070.5	44222543.19	241806422.58	1692123.48	1547842.2	177556.7	166703.86
B	225121356.81	197072464.72	179395404.93	180793153.44	182935665.67	239560242.31	198029870.49	95672333.09	231813386.58	1623553.83	1411861.36	239304.23	203136.22
C	177662063.81	190411780.1	184011643.54	169411638.11	139341583.02	291521402.36	522941170.16	98151103.91	130456234.62	2063401.88	2221713.05	1394605.37	1486708.47
D	144934333.1	131518852.99	149380135.9	143242166.93	214191906.6	153159473.75	215361558.15	29218140.99	82964700.02	1444048.24	1721283.01	1479605.04	886897.66
E	153280486.7	239407704.64	244369839.04	216656099.43	80063431.97	292601371.73	211299494.63	32911951.53	137932508.12	1749278.43	1811683.46	1305177.4	1508809.22
F	195420316.78	186798330.14	218998942.22	186336523.24	108572488.93	100763633.53	198440320.49	36124137.4	116524568.58	1984099.42	2142876.58	823835.3	1838652.11
G	243561754.8	184211601.92	239942478.57	232970994.14	154462809.51	43070825.22	240914108.0	66205703.35	150492576.68	2196135.98	1791279.2	1319716.47	846977.67
H	237443977.39	205589637.36	159478751.57	220405316.77	66678412.41	173721576.73	163214502.77	116931644.12	178323225.45	2291128.38	2227870.14	1533828.64	1863960.56
I	326435334.44	266338157.35	221041434.22	283910669.56	90496428.64	74476169.46	218828236.32	119777692.94	304443244.59	3214894.32	3235784.24	1440896.18	1550023.36
J	292315758.72	214848666.37	166081717.52	209558215.35	58653576.15	45663243.42	132270655.37	54873479.49	193103522.53	3191732.47	3241622.09	2607268.67	1915306.15
K	238316719.52	198778548.88	244409036.97	215781654.94	134005818.48	94352208.59	187933835.54	150882355.29	286558838.77	2802134.06	2656526.61	2175628.21	1765021.39
L	364173894.93	246683738.81	306669167.74	171785895.93	248032798.94	212375741.74	473818831.99	233739236.69	392260889.32	3532344.19	3888072.74	2495048.43	559504.33
M	478983801.0	574634264.35	543489889.31	536637339.38	444895005.01	382226806.85	545847880.75	303090090.11	218692091.35	3945233.51	3289887.36	1551431.23	4082394.87
N	286506627.73	202397180.99	240347753.56	111151004.03	210697787.1	133185591.64	345954751.41	241028476.26	264475626.92	3318034.34	3513950.17	1409454.22	737209.27
O	251465426.15	205066579.99	191899916.6	132442746.45	170762376.83	292796246.73	249690740.12	258378171.22	261905486.8	2744654.9	2558785.19	1389183.64	3568763.43
P	278036878.86	216591084.3	166362157.97	164968316.97	366898176.01	179647624.78	242596803.49	393401235.03	169246577.16	2711456.79	3236598.25	1174514.98	480331.12
Q	244490322.79	184435320.07	162389387.55	149663462.86	422121291.25	219418632.19	205421125.61	441518308.07	151915913.6	2611719.66	2774222.18	797066.83	392560.55
R	237227511.28	178831831.88	161571269.0	171613888.94	220130998.17	302112565.88	200676347.59	348657009.08	151480154.64	2422600.52	2440861.09	861657.44	1392683.98
S	188245869.32	144181043.41	189970026.86	176810214.75	182812508.27	128551249.66	178636918.42	99050064.9	168566431.42	2556052.56	2373138.72	872240.44	446151.8
T	223508121.73	187673294.83	213902892.34	305664037.8	60267651.78	124813762.09	143544976.41	83948456.19	153270789.63	2850390.82	2372232.6	1434801.95	563726.76
U	344575698.95	321058187.7	283918218.83	280676603.98	146355142.61	212310023.42	250422882.8	261880191.98	273129650.39	6431520.45	5717604.89	1437241.03	658551.4
V	286843584.99	269423825.92	187405722.5	255150175.92	94686102.44	254838614.64	145085140.38	120387926.37	154920875.33	3058906.47	2315578.37	3087693.83	3087948.61
W	326637741.74	318160982.81	222366732.58	289274242.43	35390561.48	113764104.38	63330969.88	83640125.66	250626285.47	3439492.0	2350790.55	3282055.19	403863.03
X	303116872.84	244516388.74	192491140.14	270825610.35	68575257.57	24549732.91	107314624.31	216662240.32	247864084.46	4445423.87	3000938.16	2247801.61	316015.22
