 	1	2	3	4	5	6	7	8	9	10	11	12	13	14
A	318241448.72	180988960.62	152870794.07	133720692.81	28540938.78	21113083.8	170334724.65	38139245.56	125621970.18	2273254.11	2257690.54	396544.04	2911629.42	1163481.33
B	263920736.7	234847478.04	226257801.89	237416787.57	116243808.16	150615356.64	216162435.2	94429095.3	168812439.98	2912585.3	2878669.85	405549.08	1769206.57	798551.06
C	222634396.49	271531459.58	233033671.73	217284727.9	678189456.95	311079046.34	168033112.87	78148889.45	108110253.99	3753289.99	3864349.45	2055123.57	2162287.42	1286536.91
D	179994917.15	164311205.68	122999628.67	133879155.72	92888772.53	171431028.88	68960211.83	34936535.3	84302699.07	2441578.81	2379729.71	1963635.68	969998.94	1791001.08
E	216924660.68	265873310.0	183537603.66	201622476.79	121224769.08	85242727.93	100237938.95	35284585.75	118933167.27	2937232.15	2727064.9	1780578.31	2185425.79	3349879.12
F	217566858.42	190305952.64	150733770.83	163960912.45	198972685.6	52187036.9	72686481.52	43594664.46	87073299.78	2728975.85	2956415.14	922347.53	1079145.74	2478559.07
G	225873871.65	133600192.84	176407597.17	155627746.01	232489478.7	34293170.6	102453078.75	37589646.83	78850497.18	2684444.78	2489662.79	728343.17	983677.89	234327.19
H	174430127.63	166718806.41	99071285.38	147634211.55	70362297.7	73075172.14	94850204.04	45324182.98	83738630.52	2744752.2	3121912.57	637061.28	2326381.0	195841.29
I	160972647.17	105954103.15	85426695.93	97504573.44	18269211.0	18437239.79	97498354.99	35054684.89	75657365.21	3812052.83	3818516.47	723057.56	2285364.32	177158.76
J	132596052.97	108553295.14	70013230.98	84822196.77	13884469.6	14865886.69	66079571.18	25144542.59	62152281.4	3387987.1	3145691.96	1370843.83	2207997.06	210346.11
K	180758286.0	150851648.04	158464128.44	146236463.38	136845628.88	152140627.99	82085984.71	82608938.82	105706055.43	4744556.11	4761020.37	1622449.36	2139693.49	180919.12
L	175861731.89	253293047.81	165622106.89	131975563.43	44630047.64	196769807.68	162906430.24	143752933.34	111869929.23	6071213.81	6570852.87	2382822.71	304670.93	175112.91
M	312785240.25	309834641.43	308679752.65	285014244.87	412046364.97	335038033.77	189571621.58	173756170.46	81139903.68	6321444.28	5900912.66	2031170.61	2000482.86	145193.3
N	179928038.27	218907168.17	135485366.37	108001497.31	83076430.04	174002084.12	109976651.64	164867925.09	97404853.08	4708817.01	5472946.36	1873532.39	427395.87	141836.2
O	188603699.34	124400846.8	97146347.98	87303180.41	69257392.79	162622653.5	99625359.79	144830102.07	102629697.88	3821137.92	4624702.02	1763505.05	2444005.33	199741.07
P	182404242.53	158697871.64	90734040.9	103619050.83	115172309.91	87511174.41	100710982.61	191596211.05	66343348.55	3915013.36	5837752.31	1493729.5	366920.89	819382.69
Q	178608588.25	149021188.54	94571600.44	110865060.39	128756434.06	188994225.59	95951253.54	225164060.42	72975688.83	3668361.44	4270274.51	894394.17	423961.82	734985.8
R	135710934.55	135851483.63	92463490.78	116081394.48	81107977.45	207409173.54	90373344.11	153060032.22	72474941.53	3153116.61	5054790.79	855173.42	2824124.46	858539.67
S	162873221.4	112920209.5	130416452.15	133819140.25	72894429.53	92748034.02	90997346.75	69159485.43	79490468.38	3591503.55	4116712.9	563505.92	604550.38	825502.29
T	150622508.82	123454507.24	142419517.28	160274374.43	65157375.89	88480857.13	94045017.52	71962362.39	80090106.61	3754698.91	3648463.54	2113102.48	818020.03	1569803.07
U	162899142.61	160552319.98	115059493.5	122601921.58	80310972.85	127799416.62	92112385.49	111149179.97	82108884.35	5824904.29	4544208.02	1493493.6	865480.69	1370631.36
V	197752394.43	183192830.04	122068730.5	144930132.86	72820971.32	180122809.2	82581723.58	68588272.42	87793629.37	3995283.62	3254426.21	3833815.65	2974456.61	1235608.3
W	250130652.65	202190117.81	135847195.79	159176727.41	46005494.61	80267229.38	42538865.7	58834462.35	126106331.33	4368980.55	3492669.65	4523118.99	3005827.64	944510.43
X	218490646.59	189005363.72	124492159.79	148881274.84	103214246.89	28684315.29	80958468.32	84634977.09	149988734.05	6257274.76	4769120.36	4532774.54	785016.4	579776.8
