 	1	2	3	4	5	6	7	8	9	10	11
A	107537284.87	38812451.6	92222401.93	8761314.8	2644456.47	10064189.3	123838189.19	11108863.83	2048072.57	5590759.93	744759.64
B	9758964.74	12257193.02	8319242.84	9380846.33	2033233.39	3213580.56	13924335.95	15333972.43	6586311.03	71566013.72	3024147.61
C	18376072.48	23746172.68	19958039.68	9034066.06	15988562.06	20717130.34	17543149.95	24390406.96	34616572.91	63362087.53	2876688.9
D	24471643.31	32486956.32	23472319.42	14732077.45	13438981.98	35302082.89	22944325.69	26154121.8	45998884.74	57687047.43	2781413.96
E	19028410.34	21238442.98	13818863.54	7192819.02	15821741.44	24139732.88	14544156.5	18001914.59	29448050.97	62479456.34	2756099.97
F	22369433.64	21914724.03	16169594.22	7722900.36	18457876.9	26011619.05	21327445.82	22793092.78	41349154.09	75057379.33	3239590.11
G	35947904.98	32333271.92	35256939.92	13090691.31	29348331.51	41241613.76	43010178.14	48212242.28	51970983.95	83175878.4	2824154.61
H	26331677.76	36261365.21	30810590.72	22819131.58	43985250.51	37229416.38	34034082.96	39805157.21	58215357.48	90307688.56	3761384.6
I	50299774.99	82278801.46	166559346.39	432612370.08	149572392.15	32110378.74	33586581.55	41611708.06	48970197.72	97722007.79	3338345.01
J	73751695.93	77754966.34	96215437.95	113575708.63	103326428.76	28444512.31	29777423.41	43796709.06	53212577.51	106266674.11	3450411.08
K	36336565.55	36075412.19	42276917.0	17210702.23	39138780.18	33830973.78	58091440.95	55263248.68	47499864.21	101936232.36	3470399.67
L	29253465.95	26082794.63	25868537.45	10037454.67	21130108.62	34629898.76	35937592.34	37162734.66	37136070.56	82832657.54	3289783.93
M	24694105.97	25410172.2	21110197.58	10780234.77	40544153.93	29764078.28	32399724.8	35033007.59	27979307.22	79543802.72	3245347.87
N	23292514.8	23945814.86	17306833.95	8902577.0	20320404.18	33872327.47	26030788.18	34555474.96	32980939.57	86775253.41	3007756.14
O	22787726.94	27985288.29	19949510.84	10675567.43	29201339.36	50132784.93	24594140.88	27812437.1	34713938.55	83467536.29	2865857.48
P	21715667.98	22719669.88	15025223.49	10807400.01	32594213.81	36725934.03	24212346.42	33370641.28	34240750.11	90697204.01	2858465.24
Q	21627689.07	23531867.13	15414372.91	10772063.0	16310110.07	27232353.54	20653316.35	23388476.21	29547495.77	68232371.48	2542051.9
R	27594385.23	22290689.67	16592679.97	9197247.66	19910084.29	21379926.45	23951185.99	24161977.6	38925951.03	77035174.7	2603994.92
S	28494392.04	31673192.23	34581573.75	24390860.22	38520241.49	40006178.8	30256385.43	45163017.86	58834925.86	115019517.0	3681529.54
T	36826133.35	41970898.14	66669172.67	58164271.58	66153647.66	61512591.54	58918011.83	134139702.63	113435825.47	202397092.12	5758743.79
U	50457720.66	42631782.66	35896285.09	17424795.84	30634298.62	48845834.57	47853714.13	52950149.04	49210317.73	91306878.32	3461304.17
V	50025127.36	47181149.49	31935023.22	14358782.9	32777205.71	32421540.15	48077902.49	41906369.74	42059591.87	89372000.17	3359533.87
W	55816035.37	50300695.01	40740326.95	17195171.52	26995214.65	43667641.3	70896472.49	61885873.56	53916825.94	86471688.41	2639648.32
X	42813997.89	64902370.73	47368089.56	16063614.29	43881665.87	10507527.1	52333750.65	68699722.46	72642821.72	124635090.54	2860324.63
