 	1	2	3	4	5	6	7	8	9	10	11	12
A	24304089.65	26643004.34	25643396.37	3016881.19	3230586.64	14485797.56	3122337.52	16586283.27	2576336.68	8732584.21	2076399.26	19787207.32
B	1756737.30	3240125.10	1773389.54	1918459.73	1160040.60	1381971.34	1309463.05	1540393.45	1149009.22	6554587.55	1767814.86	1694923.19
C	15481834.10	9307044.28	8449389.89	4656462.24	4773815.66	6205874.25	4837607.13	8954668.15	6311596.90	11655086.26	13554660.19	23749118.96
D	12756080.36	11005092.29	8446513.21	4988497.66	3161177.34	4165417.55	5024221.27	6434115.29	6174431.71	7904534.24	12070435.49	25761071.16
E	13191478.47	14422665.83	8412924.21	3903004.98	6728168.37	1711222.32	4178086.74	4379859.85	7680824.85	13380491.29	17649348.88	10651284.95
F	13250178.99	11408794.16	5524310.15	2973963.47	5629244.89	2229995.29	5155478.87	5956176.50	8473895.87	11815986.45	16442392.83	10437171.31
G	17940589.77	19868217.27	12212797.47	12394094.21	9770939.15	3319357.29	15743048.83	13143751.05	14265274.28	18717852.93	15929177.20	10236294.58
H	13618181.63	14229058.16	10051111.26	9935715.32	17005799.03	3544630.11	9771685.48	11603741.23	11702574.86	14803028.39	16493786.20	4816093.08
I	26476479.44	26010947.49	35608594.07	18137120.70	25428997.28	4173237.16	32089938.28	79690313.42	32127221.15	59278334.30	5850333.35	1875570.62
J	23259683.59	21098111.77	17338877.74	10437899.55	17205889.70	3733063.81	19185600.82	33089560.29	17500799.53	24525961.70	27815807.48	4819744.54
K	19221123.47	18615652.73	16129701.50	13614885.49	13679259.99	3422209.02	16358158.61	18759528.20	20178140.47	26448909.51	13393644.37	5045772.67
L	12964612.35	21811551.96	12417457.90	11511098.82	13307127.74	3082497.67	7727215.57	27456185.74	20803550.92	25319542.77	16800412.58	7365947.90
M	19068484.31	19292436.73	13663392.75	13673909.05	15083656.73	2865693.41	14346213.20	18968462.19	19849535.62	27329377.86	21553392.02	11139240.79
N	13211496.99	14568399.66	10575388.50	13833473.32	12823168.33	3058470.61	9122333.29	13846381.94	12436037.67	21308940.25	22011048.10	12447659.18
O	13477500.56	14130529.36	11368274.69	16694539.47	19563702.83	3441294.80	12779061.85	10069369.49	13279067.35	19477793.66	21492665.94	15707156.16
P	12464442.07	13813483.22	12467264.79	18434694.49	17135776.72	4692537.06	11984736.17	7327146.61	8580158.64	14556991.18	18448816.31	14695043.22
Q	15193634.40	14319647.21	13062736.49	13225819.33	7094699.44	3580913.72	14325438.48	7626982.79	12496620.90	14620883.67	30718688.17	15435300.28
R	11266017.62	11257652.25	12690565.60	11655369.61	8341399.95	3886908.79	12539128.11	7426694.45	9297279.10	14004861.11	19293420.20	29713531.16
S	23286188.81	25811721.11	23792157.57	24195626.76	16187401.68	16845306.91	17435760.75	12002600.15	9691985.90	23249252.33	5859821.23	4345338.59
T	23928996.13	28952901.72	23431853.91	19084495.39	13742610.55	14516465.50	14299200.63	15666066.81	9658994.84	22587485.98	22820605.22	32748259.15
U	17109552.50	18030138.72	16513116.09	19298593.39	11470848.16	4498686.55	14079770.89	12734796.48	13715045.12	17161525.04	14009072.79	20065065.88
V	16920115.47	17181223.68	14836033.49	11112879.07	11974786.42	3140231.72	8452161.81	12251273.38	11196240.09	15545219.81	19161180.34	18326061.91
W	21277445.75	20155014.51	19947627.52	7796159.93	13816903.83	9606525.18	10902835.87	14594159.67	16180501.35	18004939.93	22734480.30	21946604.73
X	18966216.44	18435199.62	16317762.74	32935863.53	12553937.16	159582306.29	5959137.73	16380896.47	12386441.14	21322679.22	22112556.22	21189194.00
