 	1	2	3	4	5	6	7	8	9	10	11	12
A	51398456.87	49100372.23	51931817.95	7701587.75	25295345.28	59879543.99	9723499.02	19211159.59	4277087.19	27481696.55	6388005.35	41856933.11
B	6668575.71	7062987.67	4954798.23	6138893.22	4829467.67	4583473.18	3417808.59	3002796.31	5330682.96	23591253.76	8795810.46	41935850.12
C	56461971.75	34734083.14	45851529.23	37761989.63	25916547.38	22897173.19	26627756.13	25990899.18	20766008.50	18143096.50	43942730.98	43839362.33
D	53052144.43	46836562.88	43696245.51	31834803.78	18954104.19	15464923.68	17687257.38	21805055.74	19976067.26	14485223.51	41351668.02	40486156.02
E	47741972.04	49946311.31	45621944.58	31473479.79	36953239.00	6331475.67	27403116.44	5737820.25	27415344.38	20249622.04	66444415.38	36073451.81
F	50195181.43	50678697.55	35347378.86	27198084.40	35908318.24	5379030.43	11913654.20	7872779.84	22862386.58	21826509.01	59763754.77	31795013.62
G	56574480.69	56758803.69	52470923.29	48443233.85	53033619.73	14297689.83	41535953.56	61531651.80	54132408.90	46480220.47	76851207.70	39972371.58
H	58257653.62	56166840.95	50543279.16	51276406.80	58419215.81	14050309.71	53776327.29	36940373.58	63354833.28	45305225.01	53574231.97	19853889.05
I	74041744.75	72430158.02	61002840.67	54602463.05	89277431.99	13777123.37	126600759.93	231894311.88	107573735.74	108793572.32	12158395.95	4909068.15
J	72433729.72	66758269.61	48111861.47	42693444.49	70494888.09	14523835.35	140689980.49	224690570.58	116812336.92	85183643.99	57039154.38	9570299.53
K	62533897.85	61013679.47	59418040.68	63578398.50	58203858.69	12216430.12	75784894.72	216016521.78	81676885.69	51668705.80	32653951.07	10585583.82
L	51459831.17	62384848.64	47361226.48	48314308.05	48178838.13	12774214.14	48871055.80	40454855.85	65707310.72	49912880.17	37901618.28	16042325.89
M	68769888.35	54017814.34	49332112.36	49476486.12	58466091.95	10123010.51	59567531.01	36660190.69	48615102.74	43409813.66	45921385.21	15879245.72
N	53841981.60	50463088.67	45477206.27	51336802.46	45871548.17	11091322.95	51896650.68	41553487.23	47596276.00	44910612.08	47822774.46	21589260.56
O	46299990.12	53128679.55	55236565.44	58274101.59	66668972.55	16282574.51	51890990.49	40657778.15	64100174.57	50617817.24	80394415.46	39444647.58
P	43746463.77	49521942.75	55128478.51	61362893.22	52274289.28	14221453.41	50734804.10	41760007.48	51458793.29	47280611.28	71201410.00	38943802.94
Q	47341807.12	46547999.63	54692306.34	43939642.35	29996502.33	11381422.80	50412712.94	36214147.55	60928144.25	47039935.96	143803236.99	24716210.49
R	44579159.50	44443033.76	54414394.69	45847776.09	41729250.93	16110171.45	50661400.02	28503328.39	57868818.73	48705813.49	96340900.21	46517687.83
S	85993388.73	94156158.78	73585763.49	93253589.71	81863329.48	71118619.46	73316773.22	39397945.66	53657200.53	62946515.71	16451550.61	12731777.01
T	77957250.14	97087329.94	75229541.39	81012345.25	82160347.72	68784453.71	75152158.03	54980697.50	54840338.79	72512451.11	52651889.92	49046842.41
U	59672177.30	58110431.67	64806595.99	66682851.55	59741198.21	28097647.58	52511550.56	37052265.05	55969503.95	44316138.44	34497266.95	34998899.52
V	61981293.72	63610024.52	60706421.50	46227806.42	57749269.85	15057774.19	54055907.57	47694642.27	52120026.72	45815160.79	40121408.43	39664996.39
W	63171137.94	60558459.26	65216581.13	43158238.14	89668224.18	58970026.84	43178923.54	30573386.07	67867235.77	49749998.41	48523868.47	43481105.29
X	62559884.12	53494039.98	65015592.56	88154016.83	73744507.38	535134151.17	55599909.31	24765233.14	43043316.30	61086028.24	47305272.79	41660142.60
