 	1	2	3	4	5	6	7	8	9	10	11	12
A	12866063.29	1635912.01	8208287.57	1235534.99	13323074.33	1163036.54	10283035.72	16723271.19	1255012.60	5515009.78	1477191.94	10687699.96
B	12553517.27	2191290.27	18996634.44	2132314.02	9669866.86	1288051.94	12537042.45	13292234.25	1479623.62	4928400.06	2053254.40	11538922.74
C	19619424.88	15322040.72	9706663.04	9047719.32	4142875.11	3993792.69	4490838.81	7777338.24	5394382.97	6024118.05	12856679.44	17265722.23
D	13643640.54	12121994.83	8693701.10	6213298.71	3197495.32	3840559.95	6255005.02	6928775.93	5182863.46	5889409.15	12562402.39	17050187.96
E	13290137.72	11796351.18	7904726.91	4603781.82	6046986.74	1297077.85	2969962.36	2776314.62	6549818.42	7117913.39	18773114.84	7226423.15
F	12660925.86	12150513.38	5711166.38	3578081.59	6144543.06	1336258.94	3221890.93	3348428.58	7778324.81	7478981.86	18471527.35	7199366.51
G	15258921.10	16307545.14	9912457.74	8884041.78	9537788.24	2493434.89	11026676.27	11943111.50	14780930.99	14745626.53	17193509.97	6140509.36
H	14461540.75	14362301.32	10364734.59	10136462.83	13292643.89	3046453.05	11279439.54	11228755.59	15974768.54	14299678.40	16708283.44	2841970.70
I	19124479.36	15777334.67	15891865.95	10992317.67	22738825.54	3662707.29	40991849.48	79945435.73	37714456.11	63051624.41	4398461.99	1209922.49
J	22984787.16	18549350.38	12286877.77	8938328.62	15744982.13	3575972.28	22781474.04	50544945.24	25316395.19	28001191.01	19849526.29	3452393.00
K	17211271.92	15286002.51	14340051.60	13181940.13	14180016.75	3486111.60	15443399.10	17026633.61	18924704.35	20580017.70	10394731.28	3138264.33
L	10540744.87	17122585.09	11024875.10	12040496.96	13814673.35	3363658.95	8283747.50	9269771.13	17494581.09	16346640.07	11351600.81	4885824.59
M	15531529.59	14389234.02	12170495.49	13510355.18	15692818.87	2834958.51	11051238.23	11002001.63	12791916.64	15251704.45	16314134.19	5386547.03
N	14302815.89	11702388.44	11716248.58	12465465.19	11614149.73	4168404.78	10111731.11	8461816.68	12277472.40	13833340.39	15147837.80	6819143.02
O	10760460.44	11915912.52	12302182.87	17054757.79	16324069.24	3864256.66	12608698.98	9288816.73	13757260.81	14272867.86	24570312.49	12301687.56
P	11301868.92	11675816.26	12981790.50	14583106.10	14614684.13	4062904.53	13715068.88	7321437.00	12125691.70	12827028.11	20638358.39	12100865.88
Q	9779040.36	10398044.92	11167388.33	9960763.03	6304349.70	3630585.59	13016448.05	7371728.04	11511485.18	12196144.90	38357659.86	11772379.06
R	9942081.87	9241923.96	10620875.42	9470891.63	8185618.44	3717761.41	11914391.42	8204519.84	11172405.74	11644708.76	20016043.03	19148629.73
S	21255360.51	20517590.63	21971616.12	23868005.50	14755453.16	14130349.04	19270959.94	11792840.43	11743509.78	18340348.07	4079259.70	2600945.29
T	22076331.09	22090760.10	20579217.62	19419113.83	15974542.71	11291049.39	17771936.04	14086841.66	11805054.68	19231225.90	20517343.82	19804704.14
U	14474988.49	13289590.37	15416017.88	16768930.27	9492893.96	4173383.30	11498448.26	8750790.31	12693267.02	13080601.45	11372074.96	14502422.27
V	15220138.75	13961826.82	14483175.22	10145996.89	10577671.17	2935454.06	8218369.91	9492362.25	10940007.60	12795244.49	13931950.24	13756404.61
W	17983141.88	14283260.23	17036690.59	8282697.28	16482847.33	16350928.80	9105695.45	10884631.62	17814247.71	12507105.58	20459197.44	14594232.65
X	18092241.04	14643291.73	13823202.69	24950362.38	16091058.35	136735735.67	6157711.54	13783192.18	15567681.96	15945494.06	19434746.06	14718092.97
