 	1	2	3	4	5	6	7	8	9	10	11	12
A	67662893.00	6833724.00	39753164.00	5830270.00	45619454.00	5677066.00	39081424.00	91237448.00	7093721.00	52250329.00	7559722.00	54802235.00
B	28683341.00	7829556.00	46516865.00	8216323.00	45413959.00	6570686.00	66646048.00	46106524.00	7466944.00	18855405.00	7568165.00	33644433.00
C	89764481.00	80786929.00	52992918.00	30081080.00	54715703.00	25874897.00	66691394.00	65101526.00	70802908.00	108997122.00	28816125.00	35692420.00
D	72417046.00	79312478.00	52670472.00	32733396.00	22492659.00	25456262.00	33807535.00	50984384.00	73381122.00	90222605.00	72391873.00	23246528.00
E	106090929.00	86879910.00	66495995.00	29508098.00	40148453.00	9619134.00	52027749.00	54551229.00	73353457.00	88325259.00	44050199.00	43329528.00
F	112994581.00	84368061.00	63105460.00	28398879.00	57062969.00	10803237.00	56350274.00	61753006.00	99088528.00	101807922.00	33193539.00	16282686.00
G	71515691.00	59913640.00	89230971.00	34157145.00	62442713.00	30726618.00	64214379.00	102430071.00	71727354.00	70512989.00	23907341.00	16387703.00
H	73948373.00	67420799.00	82187607.00	42938340.00	73701420.00	22244112.00	80912624.00	75925564.00	81297120.00	67596184.00	63763578.00	8153992.00
I	69122181.00	59345204.00	44891681.00	20248647.00	92299152.00	13934932.00	90151085.00	64538343.00	70408284.00	68119730.00	9686226.00	15166439.00
J	60239431.00	60324773.00	42099654.00	15124763.00	74517258.00	14396938.00	79398992.00	47698003.00	58059111.00	64069644.00	53429807.00	87781724.00
K	81289732.00	77311229.00	67364174.00	31511426.00	70851838.00	24568803.00	73590675.00	82440201.00	88020917.00	77901275.00	16252769.00	38698178.00
L	70249102.00	86757785.00	93534098.00	24770216.00	86021344.00	18454929.00	72741504.00	58907264.00	114774964.00	76629619.00	27254535.00	47903065.00
M	133186139.00	86868304.00	77708403.00	22857182.00	77053368.00	14510466.00	69675988.00	69241148.00	76991410.00	66604539.00	32954153.00	63284053.00
N	107494944.00	78511627.00	74178513.00	21102232.00	74014377.00	15676892.00	59972821.00	53940581.00	74272548.00	65571691.00	31020919.00	56909026.00
O	62894592.00	75169227.00	105193151.00	51523662.00	103957583.00	21678014.00	80163071.00	74878058.00	79466771.00	67521500.00	48366599.00	41256254.00
P	73396582.00	65174114.00	48627155.00	45889724.00	74677944.00	17508367.00	72792124.00	50987708.00	78946260.00	70130750.00	43679287.00	36542948.00
Q	69650253.00	67583969.00	48674561.00	51816920.00	20631571.00	27850913.00	63607551.00	54030182.00	86651419.00	71408535.00	37295121.00	47274030.00
R	65558999.00	60637126.00	49668419.00	64427490.00	40305320.00	60197834.00	57624481.00	71802754.00	90484743.00	81910121.00	75604173.00	69000234.00
S	76354199.00	78613348.00	71113314.00	75640963.00	47564886.00	36922329.00	77153748.00	114654874.00	74807578.00	138247404.00	13845516.00	9274298.00
T	87819277.00	128730035.00	179655858.00	109811197.00	75302709.00	73640886.00	144894765.00	218275652.00	92488926.00	215473390.00	55050320.00	59068184.00
U	95542883.00	78108999.00	75657735.00	79336763.00	52618802.00	22947699.00	70329129.00	78777944.00	89714255.00	73675553.00	15705805.00	16966224.00
V	69320708.00	68720596.00	77081508.00	81097822.00	73883951.00	17273817.00	89842273.00	77436688.00	84168910.00	70416710.00	29253997.00	32591848.00
W	71141577.00	66673397.00	91824147.00	41617176.00	105998300.00	48603235.00	93693890.00	107932981.00	95582786.00	71948600.00	38419361.00	37033887.00
X	72221781.00	66088337.00	87800033.00	226300152.00	98952609.00	655664613.00	57234135.00	140507014.00	90712951.00	72293162.00	34483933.00	32685613.00
