 	1	2	3	4	5	6	7	8	9	10	11	12
A	59286886.99	72578320.43	39830420.93	45462360.18	65259548.96	8477486.60	63988541.21	40905230.51	46461649.05	20641538.53	2608323.53	742620.41
B	54955191.15	86196808.87	63816004.32	62637065.54	91641278.59	12652179.50	54479213.97	29917258.84	45777800.73	20489782.92	2683563.61	739895.13
C	40839545.96	44946431.93	32011179.18	24855226.48	28390495.45	16301665.83	29162026.77	62569367.01	65753458.32	37229150.38	3241186.49	759707.27
D	41115365.30	38767877.65	32408380.58	22981290.88	14482971.54	16103152.16	33849152.73	25201522.40	53454633.63	17764035.37	2879959.81	741028.68
E	29439993.71	35452682.41	20151846.55	18481948.96	17295918.83	9132029.25	25997508.34	21701723.77	49828698.05	21689679.80	2909227.81	780835.71
F	32730092.27	32546325.04	17874758.25	15193146.83	16685488.95	7186601.85	26808005.90	22761422.12	43093729.55	33074645.60	3239474.18	785973.29
G	50140854.78	48006600.94	47260738.32	38002743.45	41743348.59	9325279.93	64435293.45	41881634.03	53655886.99	83128859.26	3990945.59	811788.67
H	47658768.90	43139411.05	42870376.45	37586135.23	54988755.59	12271565.99	50497464.97	52339002.58	50668092.68	48656317.90	3937711.26	828821.40
I	70546447.00	63063504.03	88588110.45	58025513.74	90433774.02	14054840.26	125378942.56	129823229.87	53119531.60	67511252.55	4331117.80	918752.68
J	62093700.97	58731733.78	49501703.55	42951970.53	76919655.02	14089736.43	67507253.63	43909160.78	41061274.36	15952688.78	3785243.75	987281.72
K	72744123.04	60363228.12	58822857.19	45950623.78	52183941.02	12323965.24	85146627.25	158911262.47	79221315.13	126152002.97	5351310.29	1060587.00
L	83312120.67	70165876.19	50523813.52	62196547.31	42541902.62	14249820.74	51686192.34	68075806.04	85678827.14	51687716.02	4493268.53	1084272.39
M	76373802.04	64013972.25	55457226.09	52869196.30	50520425.27	13549682.63	54319977.49	68121940.85	64983888.70	64635916.44	5003201.28	1085790.63
N	71257919.81	60653620.76	53310666.69	43371216.34	49594291.32	17109236.94	51819699.31	31449018.44	55084500.26	111579422.03	6692077.88	1033542.19
O	48835885.38	51970747.16	50743757.13	72027806.82	88930186.34	14919059.29	41807697.51	25376949.09	48739846.40	77830224.88	4884363.29	981127.30
P	46940648.80	48990426.82	45758314.57	44847274.71	49909852.44	17369188.05	40007280.15	24037915.06	43174647.64	44272956.58	4034499.66	923516.22
Q	49117922.55	46552425.82	47580448.12	45145849.90	17952155.35	13152806.73	38516620.31	29011675.17	47536949.83	35889395.50	3485480.78	917325.76
R	51036725.44	45842644.83	49508186.59	38770262.22	28439918.28	16697459.17	39927548.79	28889516.36	45833735.73	10753842.33	2846135.69	865182.23
S	113351365.49	96300061.80	75026611.60	84990714.24	46710443.94	34222181.32	80997022.48	44921818.83	45189043.93	10423809.61	2994828.46	916280.70
T	157479746.18	139478878.22	112666756.44	134371993.34	73355205.18	53376085.73	109432024.90	74156415.64	42317332.19	49588375.60	3664432.75	982664.48
U	71693124.89	61661617.56	57927369.25	93470511.75	59731967.81	18945452.80	51763487.76	33739780.75	54533300.27	43749810.35	4430473.02	1024937.23
V	64557014.64	63736792.14	61560245.53	71789096.44	60856060.32	16794729.26	51995827.40	37204072.65	50792901.20	103543039.59	5404343.11	1011873.06
W	57974625.25	61329087.38	96101277.11	53066433.13	68405384.73	40578332.83	73260920.15	45094965.64	61646429.88	60940877.63	3903827.34	991519.57
X	58079354.90	57045579.60	60627830.06	62194424.05	58159097.39	488660639.05	35467936.74	72993712.39	53691320.17	62790057.99	3621041.96	974166.14
