 	1	2	3	4	5	6	7	8	9
A	30178629.54	54030426.29	76571980.34	23734258.61	7630948.95	6626104.56	35339300.39	61604790.47	21319907.9
B	21980920.68	64194376.84	480757391.51	33907447.5	6367370.15	5190983.4	5847430.38	10864147.14	20137501.67
C	12299585.14	16447442.55	32854757.1	12419955.89	5608843.11	3616021.68	3264984.21	10777632.67	7714526.64
D	15204511.29	18451968.47	72670958.88	11053960.66	4842405.78	2859577.89	6142926.06	9916344.9	9647789.84
E	13892277.62	12908990.32	10709965.4	16825924.16	7120423.86	5586565.53	10888956.13	11022730.8	9170124.39
F	10890983.4	11183864.4	7722563.54	11895585.02	10568749.71	6188746.36	8898485.08	9580102.48	9779037.28
G	14338728.03	11977183.67	15149925.61	10138761.42	15305489.57	6963547.98	11236870.48	11575251.46	8306749.05
H	19609076.04	14436566.72	9098919.22	7432174.44	15147869.53	4166805.51	11491283.26	9566890.24	9467414.69
I	14961167.34	13513360.69	8940615.55	7878659.79	11727010.16	6604002.58	19050916.62	13510936.58	11382126.57
J	16967193.53	25297103.78	8989178.56	6700901.58	14955733.41	7776640.44	13932186.31	18350940.93	15760465.72
K	13661325.34	16303217.64	8531717.56	5636201.55	10714233.46	8440887.02	19995309.11	17975273.32	16415917.67
L	12463671.04	14483015.8	6651875.6	5641538.08	8504402.84	7699775.1	13498470.38	17159870.99	16916199.56
M	10943296.63	11710511.31	5498238.98	6946286.19	12037309.07	15994146.08	10610560.28	12531163.88	10998369.4
N	12186357.16	11922639.39	6807698.02	10472437.47	12588684.57	20956419.53	10289402.1	12594915.69	10418429.12
O	10028626.73	11763809.07	5931153.23	12273747.02	11060154.92	21983914.89	11776308.92	9881914.7	10741843.38
P	11949829.14	11224411.89	8223404.42	13953109.67	11664418.24	18362253.05	11286117.52	9951471.06	11037878.62
Q	12581659.3	19219345.31	10194144.2	28898373.35	11027661.58	8775707.66	21403820.58	12526480.42	9774085.16
R	21612709.68	76808269.19	24865300.37	27588944.35	16531478.56	13084719.42	82621637.52	29754209.73	15188294.79
S	22242990.22	28670138.6	21435040.06	23967708.85	20148636.77	15357288.01	20933340.28	19122194.06	15704225.61
T	16599248.14	18142738.94	12975860.65	23212298.5	16457595.05	7874062.59	11765514.0	16828668.98	13169362.38
U	14260012.69	15699199.9	10368469.94	13093146.37	18193563.79	5515467.0	11374242.96	21249656.79	13854852.2
V	11885594.75	14752474.89	9124372.57	11936623.71	16231349.3	2945923.52	4118368.58	10142459.71	13428800.8
