 	1	2	3	4	5	6	7	8	9
A	52283566.85	42426253.93	33355315.48	13509941.52	27544851.1	13437974.75	16830679.97	39122468.86	46665664.63
B	54171361.19	53576578.7	38998581.43	37457355.76	18988397.23	15157402.35	17215275.26	24315336.36	32999760.79
C	39214114.52	42221229.69	31457631.04	10229927.17	23067778.43	6665041.39	19858243.57	23026368.13	30322046.6
D	43573769.42	40236406.14	37339703.02	10142970.7	21647261.51	5829247.99	36041601.69	27267791.03	36638034.39
E	42620549.05	37326617.68	41643859.08	26621348.39	37794906.47	12573010.67	40012033.33	37716418.65	35493133.56
F	43585976.11	41122965.17	43607849.67	20500081.58	60735096.49	13435874.02	29902616.65	38436122.61	44864830.01
G	75692282.45	100241560.44	358211471.56	104578494.01	104662874.52	85546157.13	47474045.11	36175954.36	40134138.04
H	48333697.31	44082026.23	63502135.32	24184502.0	88729126.72	15185508.13	46844594.92	29217323.59	41880600.16
I	47926035.36	37831381.91	34968021.22	13929779.15	42501555.02	12009896.13	52353913.92	42673587.74	40951607.24
J	34330287.08	27596001.03	18464730.03	10972275.14	27969614.97	8607323.97	37120907.89	33690187.96	52393222.73
K	51140225.49	30602257.93	18578307.58	12524596.3	27076766.38	8693810.54	30841592.58	29326482.16	44850178.98
L	35738937.43	24186253.2	13838409.83	11533479.98	21603572.31	8074540.65	46758050.35	30308463.03	45228852.66
M	28642352.63	30320816.76	17323250.77	19560040.54	35061978.91	9798591.28	29857312.43	29361896.14	36427995.66
N	33089279.97	29050269.52	19202638.61	22398841.87	25927666.62	10092528.33	24738226.51	31780194.32	33924875.1
O	30121643.58	23665105.88	14793789.66	23794323.52	17795992.03	12054443.62	24635016.98	25673458.1	38406114.28
P	31430358.14	24163216.9	18068176.33	34207222.65	29172764.66	25738922.03	28170067.78	26793523.59	40908272.42
Q	66589936.47	86530025.78	47361878.36	91054684.43	50911528.09	53200985.93	86660206.49	39547077.59	42861863.95
R	71868211.16	116438437.65	65978478.64	169180692.46	92039847.5	66319647.31	124391077.54	58146739.88	64804081.24
S	54768017.5	47062279.22	44169118.13	100597058.35	46061175.08	22989115.4	44769335.82	39804585.0	57255983.56
T	47481607.87	44868020.17	45538397.4	83583634.52	59290205.6	25537940.1	48189542.27	36804302.96	35118115.25
U	48005000.42	52279069.32	70434924.51	33991135.15	52042269.82	33614770.08	63824706.44	55580900.65	46779792.45
V	65419274.09	85951928.31	56185180.29	149977732.83	87434368.16	616250132.49	57011474.72	138790705.85	42888632.65
