 	1	2	3	4	5	6	7	8	9
A	26314813.41	20745827.58	19182493.5	10554876.24	18683096.19	11359410.99	14803357.0	25996093.48	16215094.14
B	19651871.7	25105378.21	18717685.39	15288306.06	12587406.35	12775928.91	14639910.69	18492822.1	13716993.21
C	21073786.81	20873424.61	16310873.69	9239221.52	20911924.67	10717106.64	17727751.12	13160227.76	12863968.27
D	25982676.68	20739753.6	24302084.99	12105377.81	20208966.3	8724467.44	20817796.87	18481871.18	15141244.72
E	25072457.12	19020684.39	27449212.69	22858873.27	29705212.38	36165529.75	23117488.1	19597913.09	13148016.85
F	24690096.72	22591528.98	27303839.07	16710392.66	37167900.62	28170759.9	21595793.59	17107088.34	14063312.23
G	43023232.05	59722070.82	183827079.93	35202099.53	47397346.18	100737050.33	20621211.67	13679728.55	11199361.56
H	24430521.27	25705527.0	31670537.65	21110421.58	51881784.71	31577000.43	19694640.68	14713524.98	14030727.93
I	31668910.41	23894300.55	22205726.43	13248030.75	29901015.56	21144208.02	32306431.95	22308206.62	15944597.79
J	36709185.48	28406023.97	19229020.58	10475820.66	17863634.22	9880672.45	28339387.28	24658860.39	22266150.35
K	35878923.72	25795852.36	21395138.23	11340867.58	25227181.72	13083304.33	34449646.82	22308363.61	17494483.5
L	33059196.28	24272825.74	15497726.87	12490915.76	18601372.28	10685623.51	41776931.76	28220436.45	24677956.98
M	21553974.84	26630368.67	22611520.72	15723134.07	25223011.16	12696938.38	23099252.55	21143520.77	34071598.23
N	28383072.72	33319126.61	22889970.64	23928606.02	23617418.31	16013073.7	19956744.57	21254911.66	36449685.62
O	24665185.14	24387222.23	27577145.6	21883571.7	17782996.95	13464236.52	19353312.22	22317405.4	29100099.7
P	23245038.98	19933087.72	21020956.55	28538103.49	20729052.98	21560567.38	19188090.26	16839263.48	28494571.59
Q	28523861.87	28722271.25	34908470.31	53386474.79	30843582.4	39100919.36	31246733.45	17493399.94	18311379.19
R	38410772.61	37247984.43	41735536.65	89841195.12	61811195.17	70625562.34	78486955.5	30675833.44	22218436.89
S	42164550.98	37971027.01	38809932.57	85918147.38	34514591.56	33499715.06	38788040.97	31760950.22	34097042.14
T	28351249.4	29609378.1	29090094.86	55348958.63	34686837.78	24990008.02	39507910.86	28705089.67	36210942.86
U	36950815.1	37795142.56	29975046.43	27933804.63	31008185.27	18463549.86	45436684.62	38880397.38	23761726.26
V	33658938.04	63135738.41	38890599.13	106104334.71	61115815.59	157607051.21	60721026.16	99360286.71	29688460.99
