 	1	2	3	4	5	6	7	8	9	10	11	12
A	14734088.35	2947493.03	10543055.45	2906509.81	16641422.03	2690615.97	13232232.89	13775029.55	2976783.48	22401611.94	6215462.70	13795627.72
B	18858479.09	3566803.71	17243955.41	4055550.65	14033468.21	2979949.43	14638075.99	14956291.42	3214492.67	11594507.34	5083821.53	11392900.30
C	15527724.93	14467942.38	16189049.20	17116398.10	35816942.96	9815031.51	7966017.25	10637689.07	11167580.82	11146553.09	23934045.38	11402935.96
D	12372980.55	12790794.59	12556091.30	14806802.95	8302571.96	6837794.25	8025133.28	9144948.60	11054623.10	14027155.37	16873531.02	14554329.93
E	12134857.72	14302370.42	14136266.62	44793287.36	16624188.96	6554218.47	6325794.14	7247570.59	10395819.10	11078540.62	24259576.06	22584721.53
F	13180074.77	17192265.56	18342074.84	60831733.47	20785471.29	6683538.17	8105909.19	7523832.67	11070752.80	11736673.85	17781392.95	14737510.29
G	14285585.32	16325547.24	14923060.23	14204569.65	18847292.79	18131843.95	18609704.75	15110966.33	17721953.89	15731576.18	13080088.53	10045518.72
H	13654101.25	14847055.81	13888991.77	14684485.45	12533223.13	18597292.11	14728950.88	14399373.10	16969523.48	15659567.17	14078944.70	7405628.11
I	22825086.93	20361083.27	15809658.89	13250679.39	17651591.97	32797203.07	32964374.88	39187964.43	34960554.24	29417037.17	19014511.82	6040938.12
J	19647907.46	19713547.09	14255886.19	11762352.41	13104447.54	17828011.01	28815562.48	29764095.03	27480112.62	24365400.94	11917384.46	25180164.29
K	18870435.18	20332494.73	17109054.67	19986358.23	25664345.18	14418281.69	20499241.71	20876271.87	18613812.64	18716027.47	10348600.23	17432526.07
L	28275902.38	31385465.48	20288597.77	14278442.03	12042168.77	18713831.60	15212687.06	23602751.96	28819898.85	16817382.72	11715545.38	20679653.92
M	24919211.50	25246459.16	22712097.04	13873733.60	24047364.26	21872370.95	20690664.71	22230874.70	21109259.20	16341130.94	13792002.59	19270918.44
N	25695248.22	22751348.14	15755365.69	13646632.87	17981700.62	27375453.71	14489548.85	24335815.92	17923968.80	15728978.50	16238645.39	21286462.55
O	20325375.45	21220959.01	21358605.09	13169284.75	19164961.23	32319018.97	14830847.82	17540173.83	16422613.24	14422739.71	28112621.98	18287678.89
P	21212700.85	21031059.96	17708043.60	10158039.07	18886174.94	19801250.00	12382292.64	16894529.95	17215346.58	13759013.33	22925466.60	12940924.15
Q	25225269.62	21641805.38	18061713.93	10996264.01	19597531.00	22714518.94	15808704.12	14729787.31	14876438.84	14653843.20	26830611.56	13314278.81
R	20880676.60	18386988.83	12057988.47	10530189.74	17665284.74	12902180.19	14960928.90	13705855.61	11246536.54	12871884.69	25819981.98	12586166.01
S	29684744.97	25236130.88	21355106.81	24052037.97	24060815.67	21995930.80	29413125.80	42381937.72	23954761.50	44933105.51	18833732.10	16749609.49
T	23571341.00	27557209.46	24372447.77	24235317.65	18136536.30	19222626.60	30495046.62	32754141.14	17121790.42	35866876.28	14958805.26	15067124.66
U	35668383.47	35040534.06	41910303.71	47637431.24	29876632.33	34476125.64	25852637.57	24224883.71	23343673.66	21665006.73	9975763.24	9685608.80
V	19206821.16	19195225.88	17246006.89	16462506.67	11498528.25	12756442.05	16563484.35	13057016.27	14021704.45	13138253.46	12746479.47	14783937.05
W	17586447.09	17595421.86	15443758.97	15359452.41	7722025.88	22180290.34	15299154.18	20428849.92	17386994.83	15558010.82	16892655.82	15298337.30
X	15495773.08	14431723.09	11466205.14	10539832.38	6152960.49	5357662.28	11465577.79	17134201.23	16426528.34	18226798.69	18672937.72	14309917.94
