 	1	2	3	4	5	6	7	8	9	10	11	12
A	83648545.76	11485093.88	65039935.58	4507017.91	2591619.83	37762543.11	11370048.35	107589267.96	11553010.37	27180768.81	4297079.97	37734692.51
B	6665323.17	7195145.50	7370602.82	7127680.77	3910017.75	4025339.80	10868550.32	11797176.59	6461224.35	17566273.25	6231669.36	4935054.28
C	57335976.85	62264152.82	78248508.97	164100094.38	66997612.05	29010197.54	50257060.34	62100827.03	47378938.03	52573947.36	15267226.07	44998904.45
D	66153162.90	75866903.77	60159142.46	34593225.47	27673808.34	23111511.66	38587976.98	50150574.30	66046207.77	57686675.26	66006829.78	42375270.41
E	75915654.77	78727128.23	45142060.49	29815257.48	38485406.71	16619947.83	45999385.01	90850791.64	65107949.91	62012746.13	57962437.53	31221102.30
F	72350402.54	68824876.80	36482825.66	11895078.39	39619516.28	13530199.20	44070486.31	85361809.74	66797846.78	63995937.84	49473259.01	22032415.18
G	67287584.83	49506840.56	57580807.55	47847544.14	52718134.38	27546044.13	81877269.18	70371506.98	68405409.90	62342754.34	42021355.95	13131161.92
H	54148410.71	56879476.95	54461558.14	33763265.44	55501789.35	23509862.88	62493665.24	67325036.71	65781335.03	60948876.65	29721773.05	5533514.22
I	61630020.46	61908286.20	125883754.91	27536754.26	61082788.12	19632693.34	76864977.22	57919170.58	58708428.38	74179779.92	14298964.13	5132387.33
J	54173128.38	52432259.63	64109337.53	23135488.70	53549817.22	13316647.06	46946776.77	50744009.12	64411206.10	64280617.22	61738866.21	38691912.59
K	61366767.81	60071204.99	66077964.82	66688037.10	64808645.22	42304123.21	85553560.65	77345550.93	61408986.82	64504752.72	18494600.20	59889868.80
L	54288969.80	52517866.59	47916324.21	41016018.19	46085801.48	66052116.04	35237509.92	60191187.37	71902385.65	61362295.53	32705761.49	54875972.46
M	51453984.09	59785647.65	60521276.87	128466431.71	76145564.36	69430611.60	42600186.22	61592507.93	48399496.70	59271891.75	45898101.80	50088077.14
N	51091866.08	48874254.12	57857991.97	110079373.62	54399964.36	69802310.44	38342981.40	53101505.38	45947571.30	52279017.63	45933842.03	39845246.86
O	46152852.19	56654114.07	44578919.21	61072471.45	58368838.22	78670933.80	48042157.92	51459030.39	53827025.22	59755459.47	63841268.96	57723609.11
P	44189874.94	46486760.28	40434038.29	90833727.04	60259362.18	89789081.65	46758922.43	51883338.75	43129556.06	55734483.75	51339355.22	49656442.02
Q	48726240.66	50431564.61	40810463.71	60582129.36	43574440.83	108897099.67	47443824.91	47648489.59	45887643.27	50677901.15	46850221.91	57633796.60
R	50647180.98	50688552.09	54343018.74	42544998.30	50277285.29	69930419.38	60451926.38	44873390.59	46120819.01	47657056.49	45782585.55	78773295.13
S	61543192.53	68922795.86	71453213.28	64837347.11	52492415.25	34534931.84	52549661.54	53540366.99	46672534.46	69332027.32	16016847.61	21406194.23
T	159260917.34	127609709.68	131493850.23	88577699.93	65460781.64	74969948.57	93855639.79	118047063.75	55908350.66	107199867.51	60315746.25	52706558.28
U	75886604.58	72827691.04	60189765.88	99931656.28	43154461.71	44701840.22	52713052.50	72591218.11	59416025.41	54465142.24	25752971.80	51846992.64
V	70061120.31	69196961.70	52598377.74	40261138.50	38672470.39	21893464.63	46081178.99	60507641.44	54019234.32	53745660.18	63624936.22	44137739.71
W	75265174.49	78755680.13	45400353.53	18080922.17	23761423.24	37136652.87	55926494.03	78570339.25	59680640.72	62899633.31	53422069.00	47210512.20
X	58400932.10	68323232.17	59082522.15	15153154.08	49466198.89	7884338.22	51966964.48	59286201.63	75881371.68	75331905.06	55303490.90	37512253.11
