 	1	2	3	4	5	6	7	8	9	10	11	12
A	60101240.87	20974640.69	62517138.74	8980020.43	4621188.17	12552005.81	12370856.13	48352905.06	6272355.73	1478489.38	2986340.15	7011526.71
B	14038382.69	19140560.94	11892521.28	15310249.05	3643643.90	3488596.53	20097316.44	8990563.79	6514577.96	3843776.32	4112763.07	12053850.30
C	8166011.19	12477935.57	8523921.80	8545634.44	11067569.71	19216444.28	16264908.30	19894112.61	21653870.74	28165044.76	13805811.24	12151530.25
D	7048306.60	9265507.08	7792885.71	9231423.98	9118668.92	16300674.73	14980035.99	17953395.66	38202635.98	39032919.64	44980576.83	18398323.56
E	7334601.66	14889627.44	8689992.66	23073249.10	17745391.71	17379906.75	19279424.78	30472212.36	30964614.74	41035108.56	33184149.71	14189746.22
F	9860654.38	11943848.55	10638943.67	15872520.25	23807452.87	14353966.50	51537970.62	26064631.02	35765457.33	42276759.59	20332417.46	14347684.33
G	8533937.43	12837156.66	15534515.27	26277156.50	28371962.09	18764575.11	15413268.05	17782841.02	17879980.80	39642533.34	33643470.29	19860052.27
H	8527028.89	13099261.36	14170085.27	22182174.25	27811705.85	18353347.81	10833616.27	14189449.09	17596917.45	38213475.29	12221779.60	6620579.08
I	18437329.93	22352555.85	57724202.15	20691006.31	23095243.84	14224855.63	5965681.47	10425428.36	10544361.57	29976294.94	56275718.26	13519005.52
J	18554504.87	18814541.10	29105478.63	13740184.36	37744456.94	16852922.66	5295285.41	11101133.58	11448620.27	26142773.20	101206456.71	29878558.53
K	99468068.02	18095383.48	20783133.18	14059959.45	14003129.20	10043435.08	19095401.28	19911260.44	14265997.12	36404331.50	26574265.76	41248744.75
L	16411006.98	16180157.68	8148914.75	13110668.74	9751915.76	12022246.53	11018776.22	20456082.49	14523338.64	36531269.00	49178370.08	57859572.39
M	10962765.20	12085207.91	10548653.99	10820042.05	12987530.88	14762618.03	15072795.46	21786543.57	13074658.01	34582653.94	43144230.67	59153079.15
N	9230122.72	10259206.75	6357476.35	10611199.70	8385674.75	12906465.81	9787495.47	12662996.15	11327898.76	29539718.51	33768101.35	51589506.00
O	5961913.78	11161183.83	5960851.26	11742028.56	10779971.99	15361901.30	7169953.67	11113904.03	12240652.37	44964984.09	21700403.93	21277719.95
P	7605724.89	7582145.53	5372440.53	7002607.50	11063419.59	10893458.27	11183470.73	9951502.17	10860256.69	28302484.27	16354925.43	18546023.65
Q	6264386.04	8353988.61	5381635.53	5906941.71	7436731.09	14315696.64	13351337.69	10835614.58	10807850.15	20642737.04	20414833.03	21795933.60
R	6935388.56	7949066.44	5766478.20	6242760.54	8149583.01	10354038.15	12358735.72	11640216.17	10912881.93	25273547.00	11193600.68	11520499.74
S	10120534.92	10861137.28	12405233.26	15048440.01	11488607.07	10766756.61	12830403.97	14174280.25	14904936.52	28596545.51	33759067.29	48335628.55
T	23928545.16	18970228.41	33534891.10	24543387.97	24055576.36	19427295.57	40353972.06	22149506.07	17647840.73	44706153.58	56566717.51	45157626.78
U	17272127.93	21076742.84	19833262.12	23588201.44	21295357.38	31062822.21	35482310.47	30114552.02	26912140.08	34887493.88	21184088.60	31194866.99
V	16556514.83	17055473.65	10675812.40	15875505.40	21185121.57	9573503.13	20628778.87	15158941.58	21135777.18	36727254.81	56991809.51	27986405.56
W	12908277.57	19465164.78	15216280.24	21233922.99	21758629.28	14054834.32	11566444.32	22488597.01	20144734.51	33034207.66	33398273.48	31419207.62
X	11634201.73	23188019.91	30608724.26	17261357.06	61116581.91	13659927.58	14461407.05	16303439.12	24485754.98	44290710.83	28065253.25	19639054.74
