 	1	2	3	4	5	6	7	8	9	10	11	12
A	1270031.51	1270293.81	1220974.00	1200792.36	1227626.52	1269259.08	1332340.06	1376776.89	1394963.67	1744864.90	864246.36	349626.58
B	1813818.58	1891686.25	1689137.24	1688932.71	1895271.94	2317189.42	2185873.08	2454464.23	2612059.54	2137716.98	982860.93	396082.97
C	16195311.89	18210044.84	13742317.33	13061296.83	12896681.17	30081698.81	25127109.48	33831369.24	39033936.71	6412005.60	1355952.22	438841.09
D	12779857.12	18351428.80	14493533.64	15616435.20	10637716.55	29623874.35	20409909.34	29986960.22	54146099.27	88387537.73	2354769.24	504398.83
E	11299363.35	24538820.23	11572790.14	43442204.52	19160051.07	26254751.41	29019439.84	44172533.07	51818676.05	7372591.78	1721757.84	528849.45
F	17413609.70	21560644.37	15264128.66	30848812.89	26041399.62	24516554.95	91572229.81	47510878.42	48664947.17	95783820.07	2709236.65	568830.81
G	22255455.32	30725078.92	25746066.54	56237136.67	41520944.31	39046681.61	31586655.67	33441860.22	44759072.70	9667963.69	2119699.90	590452.58
H	26335216.67	35974046.99	29457864.77	80294395.48	44173177.16	30642475.18	24559467.73	33576144.80	36499118.91	128790827.25	3719305.37	631626.68
I	52242277.24	59035226.16	143612524.39	43180594.72	52587437.04	19740881.56	11113129.29	19988038.19	25820892.94	17499054.56	2438636.57	632101.94
J	41181214.12	42040118.00	78679311.17	35190711.21	101592662.05	22616787.19	11123120.05	28136981.52	26351983.11	116840460.60	3258177.65	647096.74
K	227151133.73	45062022.48	54489916.80	49043578.85	39527938.38	27412161.12	39486439.13	38953476.77	45587979.87	8807132.29	2339080.02	667162.56
L	38202856.27	35737117.42	22703072.59	30767018.73	27682779.53	33927550.33	25144710.07	33389317.49	30931438.37	159292805.74	4052115.70	682322.48
M	28426309.63	32078957.82	24096720.82	26783773.33	28916791.42	32523844.80	31773914.05	28330708.23	34731836.99	12600614.77	3185634.07	662078.12
N	24639023.93	32574194.39	13622743.43	26144269.73	17918690.34	35500163.42	21764470.93	27405054.17	30167217.91	197221018.58	7269363.53	647503.99
O	16078250.91	30575191.38	11833843.89	31156740.81	26334022.55	41086171.95	26180885.72	28339267.63	37472505.38	12956021.03	2854138.22	595823.67
P	16787743.84	19491371.58	9746212.56	13443182.54	25940030.74	30780799.21	26849793.12	26731122.14	23032028.78	9256687.11	1733918.39	565739.78
Q	11296932.39	16293573.27	7966232.16	10974071.88	12290232.46	32014469.32	26576977.88	25219799.35	23385802.59	2891549.40	1444066.30	524366.81
R	16323515.84	18103382.82	10669862.38	12567910.34	15761813.24	23130038.85	25803335.59	24206193.42	18269805.63	7757719.86	1406826.44	532091.98
S	25408476.05	29297229.00	19757278.71	43539494.19	19570917.52	22600162.49	24590078.80	22149379.17	32977723.75	2614974.77	1401579.26	553687.01
T	49836486.82	47733694.32	45391044.88	68694987.60	35275536.76	47989627.97	82317104.89	56510586.81	29047365.45	4209832.39	1413437.68	568311.07
U	51079996.11	43761380.55	26153140.19	25126733.44	23061273.56	33457709.75	34344569.52	38840504.78	45864037.82	2838877.04	1436255.92	572782.40
V	22535630.71	38125241.57	25175329.06	27030158.23	25702157.45	15893932.24	34490103.68	27840321.54	24521652.39	7300713.14	1444589.84	585717.25
W	25889161.83	38280985.87	25260241.06	38721406.12	36872453.08	24137593.59	47663005.96	49948954.02	44110711.64	2552791.69	1493815.27	590610.75
X	25003398.72	44531294.28	48548770.20	26216377.74	88812022.54	9035861.61	24715335.01	33721658.62	46482855.57	9046384.80	1515471.63	589607.56
