 	1	2	3	4	5	6	7	8	9	10	11	12
A	35457140.74	16796169.98	33637869.53	6276683.01	60191154.61	53708482.06	20725421.98	25381324.65	4465772.36	23027781.02	5984591.73	21407908.3
B	3801721.16	3254051.06	3255502.69	3450921.23	6205806.12	5165802.1	3780692.66	3315599.27	3762802.78	18389744.62	5949030.62	25978841.64
C	15389768.98	12122458.89	18155185.96	21425582.81	25626034.69	9784154.19	7243820.08	13882545.17	12063012.2	15460473.53	14371712.54	13209504.09
D	15868984.93	16820255.22	17885174.89	18934397.18	17360123.99	11693626.54	13893196.36	11342036.11	18190069.23	14034191.14	26840176.29	17452935.57
E	12047471.29	13996396.08	11235774.22	6723461.56	10151099.7	3397934.88	10211515.69	10197676.48	12006254.41	13276791.82	34044180.72	16378547.71
F	13028407.66	13084321.65	11390415.44	7646185.34	19078538.97	4297306.16	11906835.99	11334696.44	12018506.88	18580130.45	33241322.61	16911885.19
G	18342387.72	18953121.54	21028900.08	20715706.53	29756039.28	8582483.71	25062190.96	14981059.03	19256637.55	21404478.81	40843240.97	40951647.23
H	18467173.57	16484153.61	16467071.73	15890916.68	20015205.97	10394497.57	15224422.64	14402546.85	20807093.04	19980476.66	65925951.09	45457602.13
I	29670182.9	28761353.93	40368909.37	36610902.68	46000757.91	11702564.77	54430852.89	41895171.86	42233550.05	30583043.2	14629441.99	5537906.41
J	35476913.43	28721531.07	42123690.58	37496540.78	46192229.21	10788357.94	68619001.71	49657060.78	44809081.5	35879835.85	67191271.62	16121295.56
K	19337829.27	20485320.7	18371734.78	24317241.08	23712932.7	13045996.86	20905921.0	19509840.8	23640131.18	27429927.27	26083231.28	7387449.49
L	17877209.3	16533060.49	17195765.59	18283227.43	17520370.27	51833039.44	7747628.38	15829867.41	30799004.66	21354045.86	30405207.43	10329450.72
M	14994253.18	15386082.0	15035808.34	18936998.01	12947237.26	18210070.55	6417767.95	14903677.03	22182227.49	18236621.85	38467273.86	15881873.82
N	14345184.41	13546222.97	13747241.8	17519359.76	10658926.74	20076037.74	4848315.01	16894985.96	13964390.29	16974201.57	34828709.88	15680060.34
O	13657119.47	13584263.09	14413404.77	11045592.31	14213320.4	21113038.77	7038447.33	12969464.96	18268618.91	17292946.08	37403053.91	20578689.48
P	14443977.91	11977094.63	12123488.04	9903216.48	16656230.53	28912604.53	7913644.47	20372152.95	17202845.29	19461992.77	40957886.65	18894429.76
Q	17153761.17	14573896.54	12974229.43	13678873.44	8483568.48	25231340.1	10055481.19	15507758.04	21682592.92	17185207.93	51631718.01	19689364.84
R	18627980.38	16748187.98	15423025.38	16977801.7	10310470.78	22751367.38	10172133.22	14605441.52	19510958.06	19565770.53	80835168.6	20993737.87
S	22300739.58	17919960.34	20485851.95	23712770.85	16900656.98	16836292.22	22167677.1	13854517.78	39738335.59	19626396.02	17792329.51	12171584.13
T	34306177.73	29447215.9	33474433.32	37687952.05	23798076.46	23516351.87	47924991.07	27567029.67	30531810.32	32947829.69	48466434.23	15545608.27
U	20467623.02	17585590.39	16480062.81	18663826.32	19920057.03	17798404.93	14692951.86	15886050.02	17743531.85	16153278.74	43236729.07	13983409.46
V	22626240.64	21249592.6	14748461.31	17069395.96	16217291.96	9614501.44	10299072.46	16924986.03	20591486.08	17262814.79	54601800.22	19639682.12
W	19087014.5	19062856.58	19911010.21	21723403.1	49235386.14	9441219.66	43133840.7	28064275.02	22120763.8	20912127.03	34834340.45	18668049.32
X	14592310.95	15440197.03	13483037.91	11881506.21	11769351.07	6026217.05	20312157.98	12370403.54	18481728.01	23271843.49	37219482.86	14738846.86
