 	1	2	3	4	5	6	7	8	9	10
A	291452861.61	472187867.33	251517316.92	48529311.45	77385662.68	958692802.1	1113416580.34	60529216.6	10022451.34	22424435.51
B	28960311.75	48096803.54	27575325.51	29573674.23	17900673.69	54978792.74	69419379.77	65271546.73	14329410.44	50000531.79
C	153031229.01	123018931.02	81467469.8	145463938.1	82202543.8	41820341.13	63454415.63	69073754.8	59627108.05	54353822.37
D	145869953.85	157409049.21	78902623.67	60541677.24	29027744.78	47891648.64	41791483.07	70609943.02	39005143.96	46587943.01
E	150669582.27	140947751.0	73467423.16	150438428.92	98528373.21	30591907.3	73817928.28	59515722.63	75395006.59	80334385.68
F	155700711.17	125974531.57	70003020.2	131143864.69	116684110.18	36954469.12	68395055.84	69986295.99	81343948.44	91658204.11
G	243485548.2	233940677.53	134213830.82	214894389.73	205307110.21	105817731.37	277048461.9	196202632.97	245604490.83	148544841.2
H	176303117.93	239168277.56	114474274.46	196377517.5	167996928.96	182665112.81	188623060.72	237593210.74	180639824.4	155354049.14
I	367455538.4	290184580.31	213480543.13	195429725.52	396546261.09	205132340.15	495250287.67	349419362.74	374786798.66	388490162.24
J	262522604.11	281816539.73	97653496.45	205997836.45	213294581.32	147083995.48	320605498.08	290478905.92	290574689.13	269438235.88
K	279064064.74	285040778.51	227665756.54	287497752.75	286990822.54	287932802.13	330804912.5	290157376.59	316045410.82	223600683.2
L	236711341.04	494166359.18	290910737.49	354250583.33	186350169.39	397568832.54	176872209.11	344695298.26	253917362.01	283680197.22
M	254550717.6	290730270.88	261767670.62	369283194.63	271028048.54	361968638.17	275375052.33	284476453.3	225039841.24	259076483.05
N	250061018.99	393691734.07	404140514.69	326040624.14	167043864.28	424302050.9	179550485.24	300038240.27	186978679.76	269746893.95
O	303521472.18	330277866.67	382572617.35	337629821.46	315438936.8	493135560.54	248626186.54	285459440.41	230609392.74	230861755.1
P	228719771.08	300368785.9	337383897.76	282498055.41	171836376.28	328908133.37	153882739.68	330976375.92	197431089.7	244556137.15
Q	231344536.45	220407198.92	131190998.33	178264877.95	124889339.28	419297816.25	220854746.17	303868328.39	231237845.4	218574029.99
R	166762358.83	227154337.69	99186628.74	174489764.03	146703459.15	422227827.31	206471660.76	273985406.84	180312304.85	231588129.84
S	348807921.03	316802849.1	228115241.33	440775709.47	403547395.79	591003592.34	712195510.27	574416632.9	565710170.94	571976096.42
T	227869772.72	406629877.6	136360924.11	321647425.57	237131161.37	371859609.44	366276666.48	446328583.88	252694854.3	340917833.2
U	454610169.47	430159487.23	362298469.37	385151313.54	311089931.23	400502041.01	280453962.63	360077761.21	327187235.52	288800102.35
V	251611631.34	320072740.6	223588024.93	232493227.68	203137162.05	213987488.23	179948721.13	296205024.08	215843239.88	189469665.37
W	298383685.24	353388301.49	308442712.03	345758706.53	264154509.34	174693794.85	322667723.67	385668987.51	384480010.52	219641347.94
X	195807338.34	164886642.76	100998365.98	61670824.56	40452117.24	89232495.98	164256503.79	327093415.33	323025894.34	237319682.11
