 	1	2	3	4	5	6	7	8	9
A	5308223.73	5329456.33	4046632.56	4297267.96	17229243.42	12663501.81	6973959.10	10008945.95	11670665.56
B	3933519.79	4897460.01	2683656.71	2623605.22	3732854.60	8253162.37	4682933.83	7507399.58	13925642.87
C	2964447.19	6180426.24	2249774.76	2383868.42	5607795.62	7740847.22	2681630.77	7285966.93	7227146.48
D	3316640.85	3861590.22	2188164.92	2197732.78	7799034.32	4172257.79	4342216.25	6963364.41	9585419.18
E	6053746.84	8055801.73	4764139.12	7271294.30	12779138.70	6797884.80	14136119.47	9124928.11	11022785.67
F	8566450.96	9336659.84	6286554.92	8019995.60	9311380.44	6536102.12	7090457.17	10512196.49	9929670.76
G	48401531.96	20853626.66	102489418.31	35303245.87	12658606.28	8609581.32	16177104.58	11384426.11	8056645.74
H	17614414.32	18530631.14	16805398.79	24368068.17	13160153.18	8496466.66	7960682.02	10303949.61	9689783.73
I	11136750.36	9891540.81	11027420.33	10857814.89	12465075.52	10875018.47	16555920.19	15235908.27	14198056.15
J	6772339.46	8813997.14	7649214.58	7156599.76	7779446.00	12923443.44	9374984.38	14958981.20	12900246.83
K	6063361.77	7565682.07	7247347.77	10027025.16	11332696.18	9574208.85	9577264.95	12660775.81	11213451.25
L	6614708.57	6506926.29	4896277.58	7843763.29	8537658.35	18298656.29	8570538.24	12778951.53	9337148.49
M	4856526.78	8435556.84	5254196.54	8296574.13	11597919.32	12716118.78	10023578.84	8329789.43	8866497.28
N	6553430.68	7147358.39	4953197.78	11859867.45	10910257.42	10780825.51	9350751.44	10240963.06	8922561.62
O	5437487.09	6310273.58	4299566.79	7067049.65	7469701.89	9751263.99	9444071.05	9587429.26	9341622.21
P	5152304.49	8989582.38	4210411.58	5681524.09	9814694.36	10853067.37	10603688.82	8100322.25	9511600.70
Q	8366308.21	11192617.98	6117678.81	17926863.86	9740843.86	12509358.57	17630511.24	11234590.60	8993949.03
R	8974701.88	12398804.33	8238571.10	33556239.64	9819788.18	14885921.86	36542790.40	13153179.54	11361674.69
S	6912000.18	9928242.70	8133711.48	11397913.67	9933634.19	16163552.87	33606030.52	14719021.84	12014382.09
T	4944967.20	7476677.56	5995481.20	6382881.66	6964664.39	6550498.91	9543671.47	9077369.46	9826789.20
U	5580187.87	6453109.03	3698511.95	4574272.01	5463905.65	7334333.97	16822068.43	11816434.13	12140317.03
V	5917487.20	7076725.66	3450072.23	2756856.80	11707230.69	2989249.53	8182663.30	10019097.21	12921650.57
