 	1	2	3	4	5	6	7	8	9
A	66786810.58	67675496.44	48888985.55	93996402.29	90415916.02	87913121.93	46493061.51	53141688.38	44759435.81
B	76704458.81	85220740.66	53604385.57	55995413.8	51856366.52	68303943.8	31091664.91	58857240.17	82222133.23
C	102221577.65	91121640.43	43550541.41	99522279.96	108873515.97	32746402.81	23111583.74	68353973.88	68647097.26
D	161906112.36	122211674.66	50212186.74	102003158.16	103074400.56	20486731.8	21949883.39	69961063.14	61191168.45
E	142720536.24	120752170.98	84073303.38	79142650.08	99822028.3	43501022.44	61370304.98	73091213.52	73211987.83
F	96233530.63	102342046.37	63790297.37	82857948.42	139230677.92	97189550.97	56669489.4	102018396.62	85348900.56
G	110428805.64	85015121.02	34051943.61	45604375.48	143300318.15	55992974.74	74381581.97	98473947.64	72241186.73
H	109719646.4	83766648.68	30741087.14	50840891.16	167567966.6	47454606.04	63878619.21	121224668.39	96294238.86
I	115631856.1	101487603.64	51974970.78	95611822.52	78304357.61	65898871.77	140465344.36	92718606.37	86768002.74
J	119092299.83	161027500.25	91790433.39	161016349.66	74908008.54	107267464.11	124254720.76	90297944.24	87257964.65
K	79066609.32	72141685.58	45602187.53	102349292.77	72550807.94	144747109.27	198391655.21	85456695.68	73010591.77
L	80143594.26	72080050.21	84537441.85	90518468.03	43554379.08	134380130.81	84285224.08	69041093.96	58430148.0
M	79102566.05	107593546.49	307133801.26	90874303.94	108912463.0	155238608.76	92347523.04	74300740.29	61674115.17
N	73739584.62	82660905.57	118508735.0	66839017.02	66094551.13	87554559.57	70664468.84	73916386.1	60808523.31
O	57510548.66	68270552.24	51350164.37	62940910.75	49603187.61	117986400.45	94673974.35	71251404.79	53681013.36
P	66483466.48	66366529.17	43744855.65	76323372.13	82548512.3	113122581.35	76991081.45	70999982.87	56016444.85
Q	71290913.0	80285318.29	49313913.9	116773719.63	112921401.56	94594907.99	68931727.33	54974045.18	61779484.41
R	120740962.07	155940285.12	73407123.62	162806409.23	163223057.42	201878778.95	239467066.24	96375722.14	74089201.7
S	145683385.46	128544968.32	84310837.72	106736232.18	73164893.05	89051872.87	93843208.03	97298675.41	79159292.12
T	115937192.13	116908645.07	73470301.92	101626356.89	106542898.29	43234815.45	48510585.46	71070573.47	65388534.44
U	118471009.42	130785858.96	67386870.0	76579678.15	72198702.04	27719052.48	30743291.7	85582542.78	80890581.47
V	81631331.27	127448647.91	53203205.09	36684642.19	36240066.49	18041485.99	15879895.24	76039422.73	95775936.43
