 	1	2	3	4	5	6	7	8	9	10
A	35170018.34	13924609.49	27751136.12	5156500.86	7281815.8	5442534.19	6781123.15	2538182.3	886697.44	1473330.73
B	5176313.11	5453205.29	3668554.39	4645447.42	3788014.87	2498097.03	2427929.82	4228517.59	1172194.53	3221327.25
C	13866540.32	14164545.25	11743434.71	9190740.12	23515867.32	10152480.27	14209262.35	17683807.38	6439578.58	14890845.22
D	14020833.18	16580845.36	12518275.78	11323779.77	8685699.96	21994885.36	15199950.46	11708948.67	10146132.4	15558206.05
E	8296149.21	11564934.49	8028130.26	16539395.64	11335393.23	9581577.43	13252781.94	17790029.15	6714313.85	12590739.07
F	8335811.64	9733746.02	8244859.96	20476731.83	14105913.62	8248332.11	14220304.77	41677708.8	9207766.28	17080537.8
G	13983687.19	19975765.79	21287128.03	21173629.12	26737505.61	22383344.76	29022475.41	83061252.63	15052284.81	31195892.0
H	19090456.7	24234077.15	26905817.91	17590499.15	29219893.72	28869249.4	28346003.1	33133668.24	14839748.84	26479153.29
I	39965803.53	56703233.63	142560226.78	33803634.62	31500003.96	25887298.58	11709944.53	28375060.26	13442694.21	36620719.93
J	31610796.05	54081968.0	84756425.69	26190910.56	39957210.24	15089883.36	9475811.07	24026074.13	16319167.3	39753078.53
K	19668318.36	34608218.6	40771789.95	26247524.8	30788306.85	19416966.4	42038411.39	38755319.3	16122204.93	34167370.95
L	26184388.76	25903390.43	27687057.22	33573715.81	16791624.22	22374295.88	55677663.14	33627453.15	13615920.47	22142488.52
M	28949953.72	22420527.45	22213527.31	28450238.44	26320403.39	28956593.73	101817902.17	33393901.78	12551069.36	28023784.84
N	28096580.81	18224990.42	22740430.1	29807930.71	22675182.54	48876596.54	47685810.26	60331289.32	29104620.49	29082143.54
O	30948918.73	23394112.75	18408992.19	16663972.35	29818188.69	72963006.22	26772403.26	20925849.28	33033860.0	25293621.86
P	29550644.39	15388927.07	13345903.01	14170442.11	25014455.16	28331657.98	20806524.2	18877699.82	68706937.82	27293614.12
Q	25303509.11	13854103.2	12164409.65	14828650.07	17625407.37	24824815.76	19125396.39	16052048.57	72417183.13	22500237.84
R	18700629.54	18002039.71	12647389.21	24542842.77	20427810.5	22116658.58	15972741.82	15459914.59	19666072.84	24413009.5
S	22374007.03	26209596.25	30280431.01	63795112.22	25294252.49	29362700.29	47680735.32	18848017.6	12447586.63	26200523.8
T	31924743.39	39842313.28	49474787.16	190144751.53	39627954.92	40667017.35	73429518.06	29187272.28	12304131.4	32839645.98
U	39058983.9	33106508.08	29837460.38	52522536.6	32507426.9	65106961.1	31575032.32	59541676.45	21063139.5	36743537.64
V	23558498.69	30350282.03	25893977.65	48038309.79	28066678.56	15811649.38	16016238.22	22507607.39	13416051.92	32249146.59
W	22500845.89	30904902.53	21963389.94	33782290.03	33889020.98	12818533.65	13068641.21	26354964.77	12615845.22	27333488.72
X	22272478.91	42088765.77	21467121.04	20903925.45	40452739.46	4900676.66	13772369.72	12478112.15	14686701.54	35258059.79
