 	1	2	3	4	5	6	7	8	9	10	11	12
A	244084524.56	102967204.55	220171066.27	19050589.98	16168687.48	67796246.32	98812139.25	597899527.79	48006841.22	50297319.41	16712858.27	47522148.42
B	35926888.23	34535806.37	27674784.96	30291634.25	23839997.29	26168529.83	115124913.55	93066538.8	36099604.13	38384133.79	17060180.98	34557789.63
C	98533017.79	96154195.62	84572562.19	86907347.28	235362786.69	183512570.19	728556816.58	275824552.26	366492647.45	388284447.4	66731691.9	96809860.29
D	85531544.75	92856775.65	90104897.15	77510166.28	79010162.13	179859833.56	219255993.75	288581493.3	529831131.82	548942646.83	149318783.74	49030869.72
E	71955376.21	139608731.08	79779566.5	139990524.51	177325798.32	150863554.25	556402468.79	380501773.89	329740128.97	350649277.13	101101783.16	34817112.48
F	76666528.66	97846444.87	67074792.77	114819473.92	211369478.32	87813264.03	702626518.84	347211777.07	335987715.4	400489376.9	76763676.24	33136546.93
G	81741299.06	113219067.0	118291244.94	183701386.21	199353331.66	87347550.52	204989918.8	165391633.51	141303349.31	195305644.34	109927407.7	77646211.16
H	97483342.87	131599826.36	155590101.12	465943757.19	190263560.61	149469569.29	172944549.3	166742397.29	137346701.0	165610998.41	74936863.17	21064695.01
I	126242784.83	149379097.99	565069203.03	141148470.36	107133456.71	59073408.37	59938394.57	64305815.46	61657490.05	81249150.51	57633214.85	39004077.22
J	86342365.42	148339711.8	256756370.33	113186520.86	136049569.71	47713538.47	50407730.06	71690167.92	61801568.67	80271647.37	178087200.59	272631375.51
K	87735118.15	119366822.47	131038492.92	146533261.95	154769760.09	79108387.54	140957952.68	129227662.96	120300046.36	136036688.62	100652041.65	440405812.54
L	126425517.24	110314596.12	96494277.96	132394170.94	65423466.81	55706430.51	62590993.23	102899510.08	132399589.87	90340911.48	129549385.76	729334227.97
M	112016967.5	125588006.8	86381669.3	86879871.63	138811745.1	103075942.71	93449639.07	121365365.45	118772295.22	130079647.78	143038687.06	606692473.25
N	129669395.87	98153712.49	73831832.4	69813780.92	99147981.79	236457388.99	57621927.46	88006501.16	83296395.28	102771658.08	131253882.25	586401818.36
O	122021731.04	122995394.67	83006038.87	135483912.07	127677768.4	158184402.73	67185860.9	95043604.19	82371919.09	106948975.99	79998865.15	133214839.67
P	186965925.86	81473720.09	48606456.73	49027432.89	99428390.79	114858259.35	52215307.04	106909538.49	68101227.83	78476289.0	62853052.55	84825759.53
Q	117522008.17	83970582.63	41380099.16	44782711.46	64955206.88	158328808.21	63830369.27	84359920.37	71195771.66	75881155.6	78557861.85	127110522.52
R	131394492.54	93890596.71	46485781.15	51786917.87	79785836.24	147960384.02	73606133.34	90899262.24	85932204.23	87478932.24	60185736.49	83419334.44
S	86720269.3	119514620.19	105311365.75	164591796.72	116290053.49	160308491.0	194493128.32	171636439.48	138483051.61	167938959.77	58117693.61	88855372.21
T	116467877.17	147864010.1	175034234.22	288220354.26	174012779.46	216185089.66	373127379.75	303922820.04	157075534.08	261276997.4	114674234.05	135486047.57
U	136284345.57	133596856.2	105223765.89	159182309.26	124985005.62	161365695.06	221246509.68	195353284.95	176309342.36	149928754.66	77663790.1	95001253.24
V	96386819.89	104074746.87	74992915.1	135745622.25	100247998.99	47360013.8	105969897.01	157294655.79	120557178.78	123983279.36	196635851.08	62902857.09
W	91318190.32	119774945.87	98531341.21	195405730.91	143352509.87	59810188.46	130340796.1	185281455.54	146241532.55	162717234.66	127887921.25	92199987.34
X	114748178.98	118955834.41	140778699.02	62841385.24	195409822.22	30791639.51	82683282.33	136777129.68	191871870.76	254092895.05	88546237.36	69457750.31
