 	1	2	3	4	5	6	7	8	9	10	11	12
A	4678932.2	3377774.24	4086423.81	3287596.6	4227153.05	3427305.32	6495280.68	3937780.86	3294458.37	3647917.82	3662187.39	3792601.33
B	3754525.51	3550505.6	3525098.25	3511707.64	5459464.47	3639258.57	7437581.8	4599570.14	3311615.66	3754638.65	3645131.15	3932258.91
C	4206723.07	3818036.72	3439687.67	3509891.93	4636348.83	5288172.97	13144056.76	6904360.03	4864689.91	7257729.43	4350590.74	3889307.12
D	3630214.16	4312282.63	3633186.16	3510633.07	3771473.37	5518051.31	5719571.97	5380869.9	5268699.62	8065885.11	5636685.75	4275721.43
E	3404424.8	3836024.93	3238563.79	3394022.11	4174113.17	4354789.12	4572486.02	5194312.56	4592795.31	6427384.94	6935627.18	3901356.99
F	3365553.08	3407112.19	3146326.96	3337049.54	4864708.24	3999837.58	4578955.93	5835314.55	4713209.56	7007401.22	4959401.39	4549695.57
G	3855215.88	4264018.93	3681722.46	4676166.62	6376497.63	5029183.69	4275553.36	6114921.56	4474938.6	6755355.64	6001209.45	4901982.2
H	4491510.69	4850648.13	4151690.66	7294314.99	4458058.67	5652918.76	4191737.49	4753587.32	4683739.63	6290359.68	4664589.82	4168808.86
I	6761005.57	7137842.94	22824957.82	13233063.65	5966462.97	6601513.08	4529395.76	4666856.87	4080911.12	6441885.1	7889335.56	3733701.41
J	5320340.06	8124353.83	9246371.67	9393240.94	6003369.31	5372710.89	3934818.91	4686826.08	4321993.57	5969599.55	10225714.82	4886191.68
K	3935465.53	4404360.9	4016150.79	4136490.98	4826108.67	4547575.25	5676266.42	4979930.04	4337825.68	7151535.46	6995605.85	6616470.85
L	4093407.43	3988215.22	3519052.5	4149962.77	3674823.37	4307472.99	4056527.99	4968644.91	4612505.57	5847057.73	5367484.23	8803576.4
M	4561205.52	4348722.69	3235684.56	3536524.2	3899227.68	4849389.68	5065440.25	5245562.16	4243428.04	6539240.78	10286157.64	13284836.5
N	5233594.02	4400199.28	3315393.87	3439649.14	4097934.08	6499297.14	4365254.03	4892392.17	5002924.42	6563915.0	7008985.34	14466578.54
O	5026594.1	4710066.82	3361310.22	4281906.78	3940433.84	4442936.93	3952213.32	4266822.27	4580375.96	5757006.06	5997260.18	6148582.16
P	7334298.94	5250914.41	3490385.44	3828496.83	3744828.84	4101239.97	4339115.62	4449193.95	5588573.65	6038426.63	4387111.8	4667820.2
Q	5269223.13	5071164.68	3724644.38	3979998.13	3558453.99	4115210.91	4460230.84	4143663.85	5250634.99	4890415.95	5134674.14	6180572.1
R	4482681.53	5027235.52	3413509.25	4005225.26	3607830.28	4137044.52	4534135.36	4308540.13	4620786.48	5187804.83	4674750.62	6324124.59
S	4746851.12	4821725.09	3892602.47	5318594.82	4025101.01	4733468.18	4561353.47	4328827.12	3981097.36	5697767.82	7836852.18	6412558.12
T	4361527.13	4537226.55	4402565.73	7264342.2	5162723.98	5480167.26	6601661.31	5074861.77	4150137.17	6105240.16	7794476.34	6626246.1
U	4543206.39	5107151.65	5021595.27	4927108.64	4658530.54	6049889.49	5810632.35	6119080.13	4864781.83	6451532.58	8507205.89	5656099.42
V	4015319.36	4540908.65	4432062.75	5172043.74	4458298.7	4670035.94	4811759.43	4875606.4	4444081.5	6346625.54	11094056.85	5278795.79
W	3906927.17	4124248.73	3408876.45	4075254.04	4602150.51	4162111.19	3856321.73	4939996.97	4711452.71	6198368.14	10107118.72	6877168.38
X	4661272.71	3763040.93	3265420.46	3212110.75	4846320.99	3681481.17	4044381.54	4479356.02	5013028.21	8014952.08	6704008.02	6147818.2
