 	1	2	3	4	5	6	7	8	9	10	11	12
A	52415489.77	42083752.77	53143643.76	8192285.53	28464558.32	74967781.05	34448252.00	19670757.48	6207951.70	37778115.38	6409711.25	42321645.16
B	7259569.82	7304481.47	5523877.92	5441132.45	7170440.19	5850018.77	6938469.60	6370985.56	9596754.51	36780382.84	9576743.85	51885081.63
C	18981564.44	13456309.54	13716712.27	8570751.90	9763087.97	14103525.57	9737894.09	17901918.40	11497309.24	16720436.55	20298772.07	57758053.98
D	24103561.16	22263791.34	19015596.25	15422043.05	10440683.06	11831545.43	16859797.00	17056684.51	15581097.25	26458442.79	32837955.55	60889512.53
E	14177838.60	15002462.02	9914040.82	5258690.07	8369130.04	2847525.48	5848792.66	5668350.98	10226992.71	18277342.93	68418935.31	44140624.72
F	15849744.12	15829603.24	7436321.67	5114466.56	8604569.05	2997869.02	7311892.84	7313427.91	14023417.35	21457366.45	66884742.90	39213421.45
G	31188649.97	30147776.40	16993247.66	14320888.94	19968349.12	5726481.40	17190128.65	12771582.48	30984270.57	38956489.67	31390924.53	41860483.04
H	22380093.79	21343166.18	17123631.34	16222236.30	19739112.53	6617905.39	17103178.50	16448204.27	27807941.44	42291960.73	60428300.08	23903960.27
I	31732141.87	33221814.23	68028498.58	53016814.44	43811341.78	8731833.36	48288949.37	21810093.63	79958484.34	298013690.71	19690035.48	6843673.41
J	48408036.64	40369012.42	24675308.05	23255355.30	33040386.79	8806903.44	40009981.25	19954736.06	54682829.58	112436783.61	65399179.30	12982746.62
K	36362940.29	24765969.28	22072050.26	19842931.11	19102960.24	6812508.02	23927983.11	16890195.74	31983740.83	76748856.67	37476397.06	13176935.11
L	22406865.22	26728882.54	21652304.18	20315471.49	18342686.00	6981952.20	14277555.53	23126163.13	28594423.75	38296174.17	33957047.17	21971881.70
M	23553586.16	19760220.66	20044346.09	13241666.83	22515692.37	5944341.98	18426355.80	14870483.22	21233330.37	36898329.55	51139301.15	22571912.21
N	21727828.47	18373147.84	17406911.34	15867385.92	16110116.85	6912693.28	15880751.34	30673338.30	21029186.93	32009535.55	48399530.69	27835849.02
O	28907023.42	23870521.74	19834280.22	22665023.66	31209697.41	7990043.15	21960263.01	41990965.76	26156765.94	36852934.72	76576831.25	29279919.36
P	33538537.03	30270034.76	19010550.59	26438294.34	23760011.93	9075063.48	27839829.33	50767373.81	21996920.91	36971825.42	56335398.83	34630738.40
Q	33231188.56	35310194.33	19924879.21	15291837.95	7417253.35	7701709.60	25002843.60	21952528.93	20127676.68	31541166.42	33686681.31	32338370.15
R	19343217.05	18155416.72	17074905.89	14792529.74	9633482.66	7078327.43	21093057.74	16280343.85	17283447.01	34221401.49	62421834.32	49143823.76
S	52375890.73	62838410.23	54005455.43	45600565.41	26178711.57	27852748.09	25974394.89	13874027.83	26070357.12	46936403.95	17012607.88	13505414.80
T	56628791.50	77742569.96	57088496.28	52820557.55	31003665.04	32508270.67	25000672.65	16463569.83	28071066.11	51054087.25	54261472.41	54991552.06
U	27618787.64	30772269.60	29811667.58	30878803.97	22472326.72	8500019.19	18769639.90	18962677.06	21103659.04	35761993.75	49538323.40	38176960.51
V	23403644.43	24274730.37	22410776.42	14734953.13	20499441.72	5841212.33	10717054.13	17615241.88	18623215.53	32512822.10	44947036.27	41493436.33
W	30654030.03	27481654.98	29317372.90	15811875.90	46149851.33	29956928.14	12408523.94	16715535.11	48885832.48	37332691.52	57470444.15	46030996.78
X	26071401.44	25709978.59	32333539.90	50937051.11	40568086.61	263922368.29	13329657.77	27227937.49	31715685.61	62636122.84	54458675.82	48350212.13
