 	1	2	3	4	5	6	7	8	9	10	11	12
A	16183848.57	11893049.65	17146360.71	5350855.48	5906814.44	50119122.48	8909480.68	26404862.35	6841427.35	23205618.59	5049848.62	13373667.25
B	6698460.49	7367646.67	5436448.98	6254177.88	6254619.46	8057370.97	8308873.18	7357498.83	7529383.88	8047011.61	6147018.86	14105972.31
C	15292383.06	12424628.45	12705882.54	10109238.25	13381610.41	7981676.06	8785692.24	11613682.71	15665473.23	25791072.73	12902146.88	52086212.37
D	13874471.12	12575723.07	12451286.44	7926555.18	7160033.91	6762442.14	10094789.55	8967934.88	20548033.46	25108937.31	19475583.59	51640549.04
E	11645151.57	13140663.19	10675601.79	6881068.19	8079029.88	4913716.42	9752343.05	7399769.99	15654726.76	18433625.58	10311834.39	27891027.58
F	14038384.65	15448474.36	10539558.83	7353518.72	8012006.59	4607538.50	9538335.99	8440970.43	17118415.27	17569476.58	10363641.50	9668641.43
G	12008588.37	13617457.81	10644998.36	9361045.82	11525907.71	5359351.30	13858371.14	11649379.87	14262026.42	15015363.49	7585133.14	10241488.68
H	12552649.74	13620791.39	11121216.34	10667949.12	14094928.20	6146050.26	13041282.94	11284227.32	14918907.84	14448092.61	11816912.47	5914984.60
I	13059469.14	12927391.08	17933444.18	16904555.22	20749676.27	5755397.00	20709494.79	50485608.85	12721085.46	16141114.00	6421450.59	6789346.65
J	12315843.40	12327004.42	8973595.43	8958187.68	15515652.87	6143399.43	16906336.07	14320390.52	13462318.63	13613608.89	16112983.55	22227649.74
K	13865773.24	13852715.03	11590185.51	11574131.58	11868890.42	5653403.97	13822729.90	20970837.40	18971631.47	18317134.35	6703087.31	11082602.33
L	17578447.23	18756186.50	14741920.03	18064789.19	18054516.44	6170653.99	11791213.98	12236169.62	22131290.43	28757486.22	8044380.66	19664602.59
M	15759471.32	14623271.85	14338047.48	12052271.24	15755727.12	5513252.89	13477886.62	12080984.75	16388287.85	15512852.40	10573311.07	23078515.50
N	14896445.46	14210639.82	10721114.90	9916930.80	12403752.32	6820789.20	10951237.48	8530354.11	12441446.02	18579592.99	11080228.45	31219310.46
O	11987771.78	14146992.03	11128406.70	13451401.72	20980012.89	6420103.13	12028106.39	8604373.69	13740463.27	15859384.24	9914021.46	10891217.01
P	13673249.81	12904203.81	11340828.59	11872324.75	13353323.26	6654459.15	13938150.12	10406191.50	12688262.10	14991382.24	8853897.42	9595765.04
Q	12347992.35	12090385.69	12506734.00	12164497.02	7070539.83	5890894.63	11959135.84	12842722.06	12693176.09	12825647.35	9618562.70	9526352.99
R	12659735.94	11075615.65	11773955.90	10887326.11	8524342.85	6097687.03	11841284.53	10777656.92	12213380.34	15125199.83	12791185.57	13724416.08
S	30832241.36	25774904.02	15342379.14	15437152.83	12537995.70	12392820.94	16276627.70	11291745.29	12854314.44	18506719.55	6205126.03	6118210.58
T	47949080.70	37100838.31	19805791.75	19225078.03	15898885.77	15945743.85	19443515.78	14100110.07	13690135.82	23739542.96	12132073.31	17975656.26
U	17363573.73	15893008.24	15629472.78	22473434.51	15657668.28	8616942.48	15368726.19	12893554.98	16791175.28	17106492.43	8194962.81	9216779.74
V	14190456.80	14790427.70	14037781.95	13973648.32	15201860.68	6098034.88	12878097.61	12807873.94	12418208.29	14623340.46	7648189.14	7744318.22
W	14983549.04	15185309.65	25547051.63	17890653.78	20859641.83	17505435.05	12520382.45	11459630.35	17190922.07	16851925.85	10967994.92	11611587.40
X	16017242.30	14573128.72	19799718.98	20651406.36	18946897.47	133326789.66	11756549.47	15934701.85	13977793.03	22178340.19	9680549.19	10259805.82
