 	1	2	3	4	5	6	7	8	9	10	11	12
A	15670185.36	14065595.68	15679767.29	1651196.69	6318018.59	30992531.52	2464171.83	2775212.94	1547305.7	13999474.22	1957733.43	15697355.2
B	2739299.97	2024890.89	1572860.25	1429301.0	3189939.53	1752568.41	1053236.35	834520.4	4557407.37	11375992.41	2200580.25	1697827.49
C	4520282.88	3132650.1	3700335.08	2605547.2	2303638.02	4103815.87	1996500.19	4068701.86	2327914.54	3277125.08	3917168.41	22568875.48
D	4102785.99	4117060.03	3479755.92	2855629.9	1868268.53	2225545.54	2522768.98	3673451.73	1841144.69	3169299.22	6866348.5	21349163.9
E	4370542.85	4382154.42	3356412.06	1731752.1	2308114.16	766174.82	1498060.93	1163315.03	1689373.59	4114863.32	21041848.83	15314246.25
F	4653118.56	4629230.79	2767322.06	1639902.15	2534284.94	776211.5	2283444.3	1232045.33	2532605.01	3640696.45	20218260.31	12156176.47
G	8854330.07	9572793.34	4740531.7	4050419.62	5459737.6	1149947.23	4555980.95	3546128.26	6064603.81	9478587.91	8022484.46	12426948.51
H	5936817.25	5443361.38	4228345.44	3691847.45	6017102.64	1260439.03	4901288.58	3579138.05	5844839.73	10289923.35	28913170.63	5467248.24
I	6778871.58	5489535.09	3893409.88	2670038.04	7847796.83	1179439.6	10220779.55	3663158.34	16015134.92	107944059.19	5773954.89	1401226.43
J	15685390.01	12383477.22	3661315.61	2302976.04	6460864.85	1292870.15	12697438.59	3208052.67	14077866.81	34146133.08	20857397.04	2028999.16
K	10519060.44	5817073.66	5074183.45	2978574.0	4327357.94	1116797.99	4850360.23	3019120.71	6445512.81	24726575.58	8957349.88	1741345.24
L	5633829.49	3623324.59	3399642.55	3099256.5	4661904.77	1134042.77	2731298.33	3228578.2	3806518.16	7868589.53	10473448.36	2566512.33
M	3180388.9	3503335.61	3484623.81	2194515.58	4899124.3	870943.6	2366768.35	2075388.58	3252065.06	7767992.63	13109747.75	2724295.28
N	3385400.46	2443311.14	1910027.23	1913150.65	2349825.5	792960.09	1430786.07	3803104.02	3282882.01	6292440.57	12359560.63	3889773.0
O	4513732.5	4048739.04	2662692.57	4189942.35	3397753.3	861644.58	2580895.15	7266688.26	4196108.61	8715424.66	20604844.26	4871274.99
P	7258274.06	6164716.2	3721495.86	4416818.18	2737793.32	906839.26	4098213.68	9519214.79	3758777.32	6841943.33	16423174.2	7403050.76
Q	3907171.19	4571658.88	1733464.57	3114720.76	1222670.46	751459.67	1771847.57	3098646.93	3258706.06	5009406.93	7265151.65	6928668.1
R	4105093.15	3207371.11	2570978.33	3514947.83	1874833.94	904920.31	2630007.81	3446502.38	3653497.89	6390539.49	22940207.52	9973643.58
S	14270921.27	17776100.03	14040118.18	13124942.65	6852669.84	6300845.08	3474718.18	3112854.7	4229220.29	10460511.86	3628775.94	2303496.01
T	19599644.67	19874167.9	17635611.94	14602378.84	8116690.82	9146863.54	6056845.24	3106562.62	5786648.9	9946907.12	12881152.59	11537778.52
U	8852702.76	8719385.69	8517242.67	12491932.98	7901471.15	2064022.1	5557368.5	5070291.85	5615147.96	9594271.13	7148506.21	8617479.07
V	6438439.64	4895013.66	4970220.65	4788097.6	5556741.15	1139578.59	2626311.43	2789581.8	3989530.77	7212004.56	9476779.78	7795473.55
W	5335288.34	5103332.09	8093030.37	3314626.25	9970043.97	4849652.44	2224739.48	2584397.88	7636076.76	7546880.28	12279907.73	8215231.63
X	5671280.89	5933102.54	7726026.56	13885347.59	8341308.39	67304518.86	2708587.64	5335161.46	4664195.5	14229770.78	13136150.77	8542403.97
