 	1	2	3	4	5	6	7	8	9	10	11	12
A	26894165.49	2421391.53	12875483.45	1541602.70	11595384.91	1284786.47	11809757.42	22751814.96	1601579.93	12935952.47	1360750.50	13241075.84
B	5790259.58	2732540.27	14932804.88	2263257.76	10762343.32	1545212.03	19676122.28	13405611.43	1937376.16	5268155.22	1373847.02	10570418.76
C	28049811.84	23529381.77	15827783.17	7685009.18	11490232.06	7008076.00	18745985.14	16959004.61	22561026.86	32375548.17	6377432.02	9238288.91
D	22971196.13	20984344.31	15322627.24	11712869.70	7228998.56	7761289.78	10853231.37	13442459.53	20731794.47	31135507.13	22427154.23	7492365.50
E	30856476.14	25256136.27	19426997.57	8323628.30	9478087.09	2326319.16	13370490.64	13040361.35	22888228.57	28949023.39	13483860.47	15446978.97
F	31766124.80	21316963.52	15320216.10	9325014.94	15887365.50	2289444.84	13020665.97	15240359.77	26326012.73	26859445.14	10848639.14	4341120.56
G	22106613.07	16998506.58	27757670.97	11832500.78	20907292.87	7556629.95	21655956.26	30691042.28	25507494.85	26058172.98	6870757.92	5173760.44
H	20137428.00	20194675.27	25634575.02	15217203.36	22857334.44	6394337.79	24786781.47	20624629.15	25188650.84	23760484.14	16404530.94	1967901.39
I	21224394.13	20054775.03	14860578.72	7075950.31	34868334.87	3781053.45	34071183.74	21612599.26	22988132.30	21453961.99	2481797.85	4179265.07
J	17656870.21	16748105.98	13440441.60	4955788.76	21163090.34	4038001.78	24314995.19	15054073.14	18393160.76	18732736.40	15707995.54	30813224.91
K	27971816.08	22866973.18	21121938.58	10585667.55	21161357.42	6002723.93	23038288.19	25491215.36	24696829.07	24416236.60	4189471.81	12506013.05
L	27158515.10	30776334.36	31915463.37	8955026.03	23047041.70	5047740.39	22650565.17	20372887.82	31116650.20	26784175.51	7898027.35	17097411.20
M	41573907.01	29353241.46	25330589.28	7614287.38	25253715.38	3997639.98	20889854.39	21239445.55	22209921.78	22777506.72	8463804.47	18402969.60
N	35601588.51	28058382.67	25990666.71	8358731.68	21562825.95	3933201.63	20660630.37	18124617.85	24282689.45	23794964.32	7503744.44	18708602.87
O	22512399.29	24470735.45	30604526.76	16590316.26	34200923.72	6512938.41	27472334.05	25427835.99	27595681.72	22278860.69	14136282.75	14628370.64
P	22085039.26	23821919.17	14767110.93	19675925.02	21592508.31	5509478.35	24562124.21	15850132.07	23714178.06	23187134.07	12177606.66	12117808.84
Q	21697084.70	23051047.44	13274538.20	16827263.57	5429843.55	7688870.69	16292098.85	14637168.15	21435236.94	21763107.41	10863132.41	14539009.85
R	17212241.51	18017537.06	12849754.20	22429398.80	9677548.46	18736363.09	16377195.62	20893945.18	23638615.89	26299228.46	21430856.62	23078664.58
S	22808615.13	23790422.24	20008452.40	22756422.02	14109879.10	10047385.49	22010332.11	29443959.90	21748714.61	37882687.18	3617817.00	1838573.44
T	27272863.05	41692736.85	50998344.50	42379023.97	24214853.36	25712161.06	45366759.66	68101453.58	26460938.45	68996916.29	18311807.31	21382254.38
U	25506447.61	22597975.21	21392198.46	23617115.88	14717014.10	5842629.25	18481375.93	24053279.54	26002485.90	25233292.59	4469744.50	4969603.38
V	22753548.71	24095456.43	23847965.45	30345250.21	25926028.99	5028333.44	28801610.59	26944649.43	24451128.37	25231092.38	10193393.46	11890111.24
W	25692963.91	24608282.92	28081166.17	14902306.43	37261625.35	17607276.51	31345072.06	32054839.17	28684576.04	24342784.22	13131350.10	12261870.06
X	19395383.82	20133782.62	30626407.87	92772485.38	36763757.38	239807995.83	20619456.94	55867541.49	32009975.14	26619011.99	10698593.68	10226665.89
