 	1	2	3	4	5	6	7	8	9	10	11	12
A	74173436.69	63425585.61	73919625.71	10328912.04	33274512.47	111434952.14	55801463.91	21646388.21	8237709.84	59523974.71	7855649.26	59893003.63
B	9640069.27	10070506.99	7860763.42	6594777.66	11253719.93	10678455.72	8209659.42	7488770.27	13192254.02	46246922.29	9090578.1	51072631.74
C	35428855.26	25287651.99	31066945.48	22879868.78	17470472.58	28703751.74	15304035.05	28084768.73	18514960.13	24205572.54	22570325.98	76725651.46
D	33477282.47	37625291.99	37116437.51	26385169.17	16930698.54	20892738.45	21768837.84	29209799.85	16984402.63	22563333.85	40729431.06	74265432.5
E	34011709.98	37010790.78	31713861.81	16995097.12	18946903.6	4433078.2	12822426.13	9138405.95	16069312.08	27146043.57	78802839.29	40616953.37
F	38633409.08	34305885.68	28351004.27	14403176.07	25309162.52	4726364.47	18797382.09	10042454.58	20356818.0	25736924.41	56774118.94	29982939.2
G	40916939.8	49648550.71	42565723.5	29114757.58	39839206.39	7082559.43	35910692.09	26568224.52	37183323.21	47460474.78	36956011.5	40361347.79
H	33540620.9	33711337.93	36148962.91	25931290.62	49653054.17	7922414.42	31220296.48	29931722.34	36238960.59	50851777.26	102142508.18	17392483.1
I	40797060.71	33366719.13	39777397.55	25404166.98	58222528.4	7767259.25	59723849.93	24372875.85	57146237.87	246186753.32	23614088.58	8706545.68
J	60119550.63	48324370.44	33243996.31	20340745.23	62285622.69	9592947.76	65022164.73	28126571.19	49537307.22	117720036.89	103671421.15	18099835.13
K	47408615.3	35389690.91	31901694.34	24134193.28	30992720.55	6178468.68	36091968.49	20529762.98	42981459.35	104196521.69	39539999.94	13181786.66
L	48029841.54	41126450.78	30058537.03	25746675.7	38625434.08	7371515.32	27374967.15	24617461.11	41119580.42	54108561.58	54964106.97	24402941.18
M	45144098.42	32780634.62	28778800.32	23931255.63	37521160.11	6044418.58	32720737.37	20233041.89	39771661.08	55939721.52	66033154.55	29854957.56
N	34441847.36	28990319.33	23424509.52	21554250.83	24912797.08	6189940.47	21700990.51	29840228.9	31182808.56	43589823.83	63662895.77	23801962.66
O	34648459.82	29696556.79	30982680.11	32696512.48	41074451.69	6885566.67	31725448.04	61827639.8	37283536.33	53372406.47	96047015.61	27345765.91
P	39416394.87	28127316.75	23737191.83	27920782.71	26633061.51	6901098.54	32003427.08	62667963.53	30002179.23	46466026.75	54482086.65	31430989.61
Q	32442424.39	30212397.9	23907630.23	25312174.61	9706940.71	6367622.62	25744724.26	45987370.13	30986614.6	39352098.59	45983286.16	29059539.26
R	28065387.06	21851966.13	27521495.05	24943816.69	15575496.28	9013935.71	26867447.58	33434313.74	29015901.97	44501636.24	95948699.67	43407758.09
S	59220809.89	69231591.87	60532928.88	61536453.02	44224623.03	46883844.52	35751815.1	27533571.24	36679309.18	68122250.61	20976110.7	12610786.24
T	84881520.67	93075664.97	94151815.8	69607503.86	60744949.61	70498636.34	51557322.14	32344625.53	45757045.93	66986340.98	79581341.83	60739734.09
U	45649311.08	42045790.16	45139527.48	48768765.61	34035424.4	14092875.76	30572102.02	26755142.78	37478689.26	47075114.53	33559254.59	38772023.98
V	43058361.77	35767619.56	34378990.25	36160949.58	37844417.32	8267132.67	21278244.98	23000587.9	37839516.86	46492078.44	53486375.47	40513379.52
W	40547842.85	42955959.41	57058505.25	26080814.23	74818244.35	31718854.16	26957671.14	26832083.23	70026938.53	50521248.73	49588253.63	43843833.46
X	42832651.02	50844877.5	74415043.81	92984922.58	65388903.85	554234485.48	23606397.36	51775833.75	33478051.89	53078265.43	58294330.94	44050677.67
