 	1	2	3	4	5	6	7	8	9	10	11	12
A	5738930.89	1799871.88	8636053.72	2216266.23	21237623.46	1650293.21	7887372.18	2659958.03	1002389.44	2280171.35	1867491.05	1976610.40
B	12659025.16	2817189.33	83240734.52	4507876.50	8739295.73	1961848.18	3861273.11	7195469.13	1268066.17	3084077.43	2182194.02	2837390.04
C	4158855.62	2861422.68	3513288.55	2228347.64	2574498.74	2665725.20	4534021.89	3236144.75	3156780.07	3212109.07	13033523.91	2152756.63
D	3388501.88	2997989.85	3417351.37	2537590.56	2578559.32	3462929.56	5427128.71	3624055.28	4408945.52	3370941.62	6640443.55	5551321.64
E	2286409.08	2377651.03	2022161.22	1544154.63	1791956.30	2403422.83	3046959.60	2426298.57	3291063.45	3433609.88	13941764.81	2779993.10
F	2166215.49	2051341.90	2202232.29	1689184.83	2409793.85	2759671.10	5757069.48	2473543.81	3921969.69	3763264.95	12634229.13	3889959.86
G	4073719.00	4508956.43	3064322.82	4294768.14	5927460.55	6595096.06	3544193.21	3479284.09	5141605.21	5599215.27	7666823.53	4166427.00
H	5322112.48	4810574.51	6244452.93	5368726.35	6014862.68	6367805.75	4819939.09	3698730.34	5453140.85	4776124.02	7047244.81	2876750.41
I	16034465.16	15961025.57	52252928.74	38876211.04	10778257.33	9558980.01	5807606.28	6436117.16	7516529.66	8347723.66	13367437.06	5404445.61
J	16393695.72	12637160.72	22817488.95	15379178.76	9942709.24	5375281.12	5575570.50	4304742.30	7514629.32	7479378.82	20182309.27	22157844.32
K	6467050.02	4688353.63	5522946.24	4119742.70	5009842.06	6145900.94	6258682.38	4781721.62	5368907.27	7273668.36	10932361.95	7391222.79
L	3965784.23	3375125.43	2161270.65	2481900.73	3185547.38	3275624.22	4207642.32	3883328.83	6168719.17	6923882.02	12566795.09	8466301.98
M	5061146.03	3749483.85	2641670.96	2464748.17	3858129.40	3786370.10	3620615.23	4069728.68	4254850.13	6927095.62	17915764.27	8020514.16
N	4830932.93	3429164.10	1917321.67	2007411.92	3655380.72	3471890.37	3814711.22	4034649.40	4880201.54	6384814.17	14058974.48	10715301.89
O	4564013.74	3907769.10	2114818.58	2790218.62	3736006.14	4909185.38	3413425.93	3265511.37	4683078.66	5440024.27	9282019.27	8274828.16
P	5110564.56	3906610.28	2440893.09	2403524.76	3334933.09	4936028.94	4019157.57	4373607.03	5589078.40	5559743.72	9361302.36	6114746.13
Q	6675763.68	4933881.43	2444430.83	2474816.42	2891946.57	6138526.72	5117213.42	6867400.83	4242492.49	4771521.69	6004134.13	5939008.84
R	4848646.22	4956068.14	2626949.90	2914968.41	2995211.60	4817379.62	5825842.18	6271376.99	4219851.06	5358978.87	7103447.97	5623806.77
S	15620365.27	15194140.33	4887948.69	12451809.41	7903738.89	11212177.05	7510423.76	7118640.67	9957789.91	12069226.01	8633448.18	7371403.55
T	6570124.24	6189581.92	4686167.04	5556630.20	6144440.15	5586150.78	6068337.30	5020330.72	5715821.93	8622143.43	15904598.08	7626110.75
U	4638723.35	4409054.18	4610828.55	3331207.48	4082657.37	6517944.62	4738070.31	4678544.90	4284938.55	5847771.92	24547263.09	4791514.62
V	4008202.93	4256377.08	4069556.24	3169961.78	4621550.96	4515905.99	4951023.10	3235921.91	3829209.21	4975810.33	21929277.98	5551871.88
W	5525431.03	5003183.86	3189485.34	3090782.78	5324145.59	8572547.05	3902518.54	4338571.50	4835304.39	5445365.74	23605740.48	8012824.97
X	5265395.18	4155493.17	3282317.46	2729240.02	8629105.38	3175609.88	3678955.84	3312139.68	6041857.64	8041555.60	17580862.18	6594132.66
