 	1	2	3	4	5	6	7	8	9	10	11	12
A	12192685.16	1334620.36	6552147.45	1166194.86	3766500.38	1423338.76	17138492.07	11154789.51	2034817.21	20507902.09	3236236.91	12182284.28
B	7295967.36	1828307.81	1659935.01	1908788.03	16358240.80	2085220.36	17608733.33	15641254.17	2881485.84	12514469.83	3994409.63	8443516.58
C	7204555.16	10536663.94	8531839.06	8142885.19	13184504.46	12066481.13	12113457.83	23238729.02	11394227.66	14069416.48	10229326.29	8089710.85
D	7624524.59	8777805.63	7219961.09	6818049.62	6668876.80	53695268.85	25112546.03	9079651.20	11886563.22	15354307.06	11414857.64	9175675.05
E	7187638.75	9760188.17	5458609.97	5160591.12	7933419.57	8470374.60	4640955.44	8890660.71	7496718.24	10798761.81	19074442.93	24333721.53
F	7238737.59	9536180.12	6410823.43	5685389.15	6977431.16	8212656.31	4271230.64	5176986.60	7028665.65	10327266.99	14294633.14	14928990.51
G	8330301.64	9006279.57	7233540.34	9068765.23	8709269.11	4800669.22	7046439.60	5530808.96	8070453.11	13132989.45	8393352.23	18311187.92
H	5523734.48	7023479.21	7926782.95	8075795.44	7643905.48	14307047.55	8231313.48	6150996.25	8201316.46	11945611.18	8208322.04	5387591.59
I	10832952.60	11819269.21	20718992.65	15561439.66	9654864.69	4253601.33	19736106.39	8797208.50	13863418.64	21966255.39	3685481.13	2221604.38
J	12820876.88	12820794.01	10230419.41	11398738.44	10072781.26	4290523.64	12864360.91	8160612.76	12182728.22	17412858.72	9878920.16	6515855.14
K	8350358.63	9272663.54	8160869.50	10807811.07	9544454.84	4319908.67	13899670.72	8447169.28	9383830.05	14132397.44	9571311.27	8811180.94
L	9075665.21	16239822.53	11461075.75	15872956.09	8818886.05	8383673.47	8795425.63	9015551.88	10847437.52	11604269.87	8678393.35	14672161.47
M	7436920.66	7560034.44	7575972.47	9009538.50	13477499.47	8363201.91	10657415.79	10311249.93	10039897.95	11043062.39	12650500.22	14078576.11
N	6878982.20	6935940.56	6435031.70	8156268.53	9099509.06	40900995.59	6305809.99	7908819.88	7321491.68	10183299.28	12466372.21	15878548.58
O	6572017.04	7174228.07	9023349.07	7713980.58	9755547.83	12149461.01	5963436.74	7422218.74	5464501.99	9544527.27	14902936.39	11003055.22
P	6843097.56	5566692.80	6275119.86	5608542.19	10188655.16	5835631.36	5544014.08	7463014.94	5827844.53	8395106.24	12885277.82	9983124.63
Q	5659693.66	5262653.44	5213004.18	4250321.35	5093927.17	6451101.31	5375594.16	11257657.96	6064709.25	7845724.85	10323737.56	8785480.33
R	6508331.27	6556978.45	4488295.43	5523399.13	5913120.39	4564331.71	5363008.06	7819797.35	5664174.88	8021239.27	14656501.88	8741624.48
S	9356669.52	10119936.57	7632024.17	11206353.76	10167703.94	7223521.55	7051691.05	5484500.79	7190820.78	11034140.04	4953205.54	4170597.81
T	10762876.86	13613456.04	9100500.19	12637491.15	6746628.43	7831958.71	9937335.03	6988652.42	6839953.92	14666471.53	10314951.45	11853055.98
U	10089752.45	10721901.32	10038003.07	11648105.67	9988482.70	9740845.62	7961286.96	22690158.93	9004378.04	10398766.86	12236281.56	11386002.92
V	7684781.36	8329567.45	5623653.98	8963344.04	5215501.07	3443760.93	4261362.20	5119282.66	6603713.15	9883711.58	10393157.12	9742941.90
W	8719589.53	11069329.78	6955823.66	10385743.42	6572441.68	5422822.79	3364907.68	6703572.08	7094776.47	11656763.78	13677821.76	9206366.11
X	7793041.43	8796428.25	7124435.49	5818077.84	4829537.10	2159524.08	2515462.77	4070001.38	7775669.52	16993098.51	14683818.23	13105417.20
