 	1	2	3	4	5	6	7	8	9	10	11	12
A	29702295.27	14742237.08	26338301.16	6911676.71	7730144.38	24584353.16	9066911.92	43638298.32	8103526.76	19970285.36	8922482.12	18250624.31
B	6882340.45	7336027.75	11284615.08	11701607.51	8132919.57	8076785.45	9375421.53	9756337.12	7573507.85	15601568.89	7997177.00	16804221.95
C	52692821.64	41622219.67	65000110.28	74420207.31	30778626.56	48683621.66	22030433.86	28837531.13	37391788.93	39873619.28	13336068.08	13374336.46
D	32118176.76	39118456.18	72456887.58	38606560.38	16818252.43	48683304.42	18206911.85	27170539.60	58003921.25	61288647.22	18675039.56	16574466.22
E	26275583.08	40747244.68	31225857.70	25811758.47	20219762.12	55298470.79	18563014.53	57344429.07	34004009.27	34687697.22	16303240.56	13491976.48
F	31990763.89	29608984.55	29432426.76	25957066.94	28359004.61	22783922.14	22061205.02	46831434.48	36043635.66	35964132.59	15052389.16	10669340.01
G	18481055.35	17198506.13	18173200.56	18547709.41	22002894.49	15640305.41	14006024.05	14417657.90	15850444.71	18174757.93	9696467.70	10917586.06
H	14295859.59	15223760.17	14331326.70	13763143.35	13685658.46	18562365.95	13186576.26	14938452.01	15153381.03	18433701.32	13375287.13	7477678.88
I	14509619.99	14762107.18	14685240.34	12122394.70	15190186.11	12631465.70	8605894.44	9062477.29	10430820.17	14206076.86	10174760.69	6627132.72
J	13565622.67	12914797.37	10490195.51	12280848.21	14410651.20	12287874.58	11327073.08	10477803.66	12027925.96	16349159.62	11881471.17	14202223.83
K	18034772.44	15217705.90	15241532.57	16241527.16	23984244.42	12754079.89	14282864.29	17081238.45	16401139.62	16796386.44	13809530.64	41187684.09
L	21667425.35	18533946.10	16880964.78	35968790.70	12429799.55	11383839.03	18896129.69	18757095.69	19784976.79	15579407.70	13518410.80	56826516.66
M	18534228.69	16639659.18	16514946.18	20668791.17	25231683.35	13851147.05	17248258.21	18801105.04	17190842.20	15629811.10	14184463.82	42442113.04
N	18491586.66	15826926.80	15642058.42	31881657.58	14353787.99	16253273.83	14730300.15	18318106.01	13851612.83	15702726.18	19678134.65	36254275.28
O	15146550.36	15579407.05	13661797.81	11570537.00	12500600.45	17870956.59	13718176.77	12684157.58	14449967.27	16118057.37	23248709.03	15379034.94
P	15459373.47	15345697.61	12976709.82	14663687.93	14949055.27	15449294.46	13699732.10	17898759.91	15047758.58	17356526.76	23636948.45	13239281.16
Q	16436076.81	15832858.49	13490461.05	12931386.56	12876563.36	20604316.74	21382467.31	14852595.93	15978635.63	18186006.49	15643464.46	12037661.35
R	16815148.71	15973266.31	13960960.63	13319955.27	17599864.66	20922988.56	26133251.23	15345065.51	14188530.51	18997840.83	21572699.98	11793948.92
S	26576212.35	21658581.47	24515198.09	31894534.29	20328818.15	20916721.57	19798236.52	17066827.85	17765042.42	25213914.85	22973799.83	13847308.78
T	38508922.47	29603791.10	26964162.16	40844094.19	23705918.24	19103137.32	21560825.18	25491386.81	15026369.36	30761294.38	23516583.36	11822409.81
U	27981431.12	24785934.50	21649076.05	21132825.02	18950061.19	21729007.19	25921226.98	23860242.86	22095447.41	21603076.15	19823978.08	10957588.64
V	19482003.36	19150156.58	14886956.44	16134658.86	13735164.63	14609446.76	22802000.11	15454559.45	17302869.36	19744343.58	14994150.69	12563383.39
W	20424816.54	18043249.02	15778917.78	13967413.83	10890127.72	14479513.10	16425296.65	18057995.89	18922835.14	21225271.28	16494229.06	13580276.50
X	15740309.28	18021747.19	15910989.37	13480648.80	15014062.17	7358910.30	9238801.05	16197832.68	22339979.11	37344479.10	20923993.46	14793128.28
