 	1	2	3	4	5	6	7	8	9	10	11	12
A	10657605.69	3944695.50	10596652.13	5242855.98	10732119.18	3862240.23	7692609.46	13550667.26	3172755.90	18556258.07	4739408.54	10070960.13
B	5249426.32	3899610.03	17561705.93	5885251.94	8411016.26	4003551.00	8815920.38	13188146.88	3603447.47	8665990.79	6409353.35	8848338.59
C	15492749.97	16055734.72	15777393.08	11945602.21	12651522.52	25534413.88	11366868.53	16825471.65	19678259.87	33854637.02	8241484.17	10721977.37
D	13814457.66	14103548.47	25107369.33	9181789.12	8122285.10	22464603.48	10639632.59	15991517.51	32049085.62	53471862.55	13456152.83	12332550.79
E	11946682.71	12645493.48	14383194.83	8068889.36	11406784.20	19001322.58	8850461.10	32482744.61	18682809.76	21901174.72	13289762.99	12836606.95
F	12889545.63	12055395.06	15033644.55	7845279.27	12002636.32	8824792.91	12293288.49	25357439.91	19432239.25	19424114.42	8360364.75	8543891.91
G	9003521.29	9040116.98	9370108.14	8084374.30	10910164.78	6006592.03	7094616.69	7334544.81	8234590.61	11005433.03	9594073.75	8858281.33
H	7062440.89	7814635.65	7795836.44	6874954.20	6935746.74	8045985.43	6062205.95	6597112.22	8118282.05	10051313.50	7035892.96	4883335.28
I	8464406.61	8820089.11	13813695.67	9479781.78	7967763.58	5738415.25	6441380.74	7028105.69	5964865.41	8998217.40	7712954.98	3406725.91
J	7955496.77	8407104.89	6991347.40	6940587.43	7225055.46	5095009.43	5562951.95	5963701.53	7591875.83	8428459.55	9500192.97	7838897.31
K	9009863.86	8918010.77	7980396.89	7068239.92	11432898.14	5621440.63	7766800.20	7654467.66	8712255.16	9599014.33	8762884.39	28240583.20
L	9243364.45	8784561.39	8126019.57	9698143.63	6305367.11	6190570.00	9211646.71	10007755.34	10661288.91	9631933.32	8512279.92	34721108.75
M	9109264.86	8123054.21	8066905.76	6820152.17	12700544.27	7356000.35	9488626.69	9952420.31	8173836.08	8423934.04	10377100.43	27217616.86
N	9412697.26	6879739.96	6958678.67	9394230.98	7642286.76	8545744.84	7812419.40	8753036.31	7872631.53	9078071.47	8985031.28	21039692.22
O	8042129.47	8396147.20	7382590.97	8600229.01	8025937.24	9759382.29	7579647.34	7876564.07	9015833.53	8977690.62	15595647.96	10003964.45
P	8010662.88	8630814.86	7927395.65	14848143.65	9286173.26	8640502.74	6077341.85	7023860.60	7284811.93	7484253.95	9497645.17	6932485.34
Q	9649469.77	8372955.10	6746789.02	6696048.53	6913866.33	11212427.13	9305932.35	6724352.42	7439455.19	8176130.63	9488747.44	7444422.22
R	9653453.23	7436824.66	6183570.58	6053952.15	8011834.55	9636504.03	11387667.65	8291107.85	7272257.68	8992962.12	11171732.20	6398397.18
S	11719659.36	10246813.39	11264191.53	11300516.04	8601838.47	8642917.08	8703978.25	7947292.36	7582516.01	11284337.60	11188282.17	6508844.60
T	17429747.04	14099859.22	13221443.58	15034778.29	12095868.35	8213995.17	9631345.74	11390042.68	7174562.11	14916369.58	11420786.63	6922335.16
U	11591577.47	10852723.14	10839251.83	11658217.88	9398462.61	9636063.11	12208389.35	12268735.30	12612978.07	14190846.24	12368694.94	7668448.25
V	9169781.37	9428296.74	7551568.33	7097123.86	6152000.31	5248018.73	9169028.98	7116559.78	7808451.29	9883159.40	8646092.60	5743144.65
W	8495919.25	8232436.59	6877460.52	6011434.35	5081875.84	4752276.45	6887760.07	7232357.38	8677071.47	10303250.89	10627689.32	7651325.12
X	7878572.11	7755454.20	6203829.00	4731930.91	5856183.52	2806993.16	4064865.52	6371082.32	11091565.98	13843467.82	9785895.47	6019456.98
