 	1	2	3	4	5	6	7	8	9	10	11	12
A	102946424.96	20063638.13	89690877.97	18693091.72	343896686.01	21979621.32	319246255.23	283923103.04	25596054.75	233887525.72	26935547.50	107638700.91
B	350971107.83	33640927.83	320864368.29	35814467.53	293205871.78	24725911.61	195220255.07	181300828.22	31104705.08	147275113.79	36451522.12	93280679.72
C	203073447.70	161212051.94	170688744.24	122377625.22	122274814.11	45046040.66	80528075.23	140323722.96	99643837.46	82695972.16	361947932.52	213918800.43
D	187116794.03	171416222.41	163829088.00	136671802.23	87902079.30	84351003.01	126245212.05	137197195.94	92887735.68	91495751.03	128928385.48	161657529.76
E	132770885.93	148602860.99	103658580.58	64806286.37	92406838.24	23936656.29	117806998.13	62575803.56	119086522.21	91326979.42	241785729.50	228946854.79
F	136180967.44	138467281.28	110570341.66	86478892.61	127975781.35	23580756.15	145579165.03	73534128.81	129107415.24	105799660.40	220120454.31	155108512.13
G	173629113.25	170871638.95	212750035.52	207401726.31	290402867.18	69976413.22	206106476.62	190682980.23	184483522.93	169180615.24	222009648.19	238758372.95
H	161586793.61	175666870.13	205523872.03	141955223.44	205063445.38	77262932.36	226600672.96	177754495.71	195177559.23	161425658.39	373088474.25	68215589.09
I	229831159.42	229473344.83	332341442.08	239288854.79	334771962.59	96503057.63	513305834.87	695230399.97	264964814.12	254626426.11	78132492.22	33628444.76
J	238788762.26	228265467.19	377199906.76	159428362.08	289879064.67	82899059.29	498452071.96	355169903.95	319851007.03	243760812.67	307047298.15	139474085.29
K	188637138.92	199169958.29	226235011.91	248069439.35	264849231.73	83728953.17	229615404.95	241732187.16	203501170.88	173948100.63	158067359.02	92028253.45
L	197764859.81	225040070.96	212022440.31	229130139.39	158024595.02	176682496.47	131170321.25	212363834.10	168992601.00	162144149.10	338781011.95	133570226.97
M	186976153.39	192061311.69	185498952.25	251796341.32	242472652.74	115067050.94	149732350.64	184156556.61	160070494.63	145610186.88	220533969.59	127737216.72
N	179409757.94	182135442.05	139505864.43	188241393.09	142980850.30	151694386.98	108568947.24	138054940.23	139216553.75	142799877.34	268951101.47	148418845.23
O	150790495.49	156078894.90	130638053.06	136081376.63	203983797.24	387822277.71	161635191.99	134860221.27	156457394.61	142151957.72	306768315.11	174619585.29
P	111832958.42	139211134.86	117726086.91	112035884.14	165703005.61	487359099.00	136389150.44	131743947.35	141525116.75	122358959.25	228065976.13	129118107.83
Q	121563281.56	125286185.36	98999972.66	113671997.99	59676023.39	261861288.06	75567548.30	91677931.83	126016912.94	86599939.45	282424727.58	155786686.66
R	166802848.79	142736813.93	110865322.78	135575530.98	73463962.41	107891960.95	104096391.32	119397533.28	127570091.45	97603298.49	328064729.17	146260947.27
S	731479585.05	441318753.69	385045640.31	443887694.54	252920079.70	525220628.47	547046866.79	428527165.49	283000062.31	400009055.03	93962946.92	147551463.08
T	287932036.84	248838193.46	245310762.25	250349348.87	254235291.92	144707794.79	267661628.04	182122311.04	179924994.35	176023905.85	270332218.71	207579777.22
U	240738104.49	204277618.85	201441103.53	242731500.34	188823523.84	130429461.58	155012832.32	127194102.68	194662750.73	128318270.29	144077214.67	123946727.85
V	240119961.38	188593275.21	180591516.84	240125087.09	195658904.47	80967877.96	202540437.88	125740122.11	172289460.15	137163647.42	331841642.39	203917928.81
W	261100505.90	242726537.65	256784260.32	251211780.13	363023436.57	80926377.42	211677257.69	174648865.55	214539497.98	149949908.19	212089258.03	183201012.10
X	253145478.21	227645503.55	187262866.08	188562326.63	243151365.21	44236469.88	228268838.17	222736826.12	199689289.52	166928048.18	248172654.34	194269233.87
