 	1	2	3	4	5	6	7	8	9	10	11	12
A	100692543.36	8226437.10	87811403.50	27169069.28	483005615.90	19752457.81	262086131.60	18097462.60	4123540.40	6005634.10	3519854.90	5689598.51
B	23277378.25	9638247.62	24870181.83	25512150.15	224272833.60	25238474.31	320482552.44	34757129.59	5898818.34	9745617.09	5791622.25	6856936.53
C	44453683.93	44165919.55	23166758.13	24499753.08	53612885.24	130014571.10	71910061.83	92181439.97	72867673.14	80013881.09	35954444.64	12201861.51
D	26283321.14	35856172.86	24315883.39	25330601.32	32872120.10	71946453.11	58422036.01	60088928.88	98687911.42	117160506.88	127312149.25	27565054.96
E	14793538.24	59049669.28	22031578.23	28307080.55	42010631.26	46323007.44	66862224.57	132809017.75	91565259.57	108853198.12	141948232.64	15666091.60
F	16059517.88	38258272.09	19185612.07	19542191.64	47563562.17	29542914.10	81880836.29	128944065.36	108126510.43	119984805.05	125134375.00	24510757.19
G	28506863.74	58738178.73	67775283.24	62915101.72	83085539.49	78821877.62	97247575.50	98655845.14	103749329.04	116688819.09	93978852.13	12489072.62
H	54359461.36	87538209.21	91396683.37	214629006.91	71329821.86	88184061.03	87291732.31	88412538.84	103579675.07	115317916.95	93653570.77	14742700.87
I	111430420.48	126951857.84	616018665.60	117370887.80	89792047.61	123251043.28	96976632.67	74453863.75	92999573.42	130051572.40	87437082.35	15056593.92
J	51006021.66	138311305.23	203768597.28	68052044.99	95022987.80	78097075.98	72404262.08	70611724.11	102294400.12	127261631.46	112271424.33	43643339.36
K	54412528.37	86616567.92	133199734.14	66290844.75	90212365.73	91930941.84	100758017.64	91812805.61	90869889.33	110610182.87	50458330.15	126638036.04
L	165837000.99	62163858.15	79149475.35	57721557.13	52440743.79	63827851.40	61203411.39	57723839.90	82425672.95	72754697.38	91952860.21	179073669.09
M	90630925.43	71974214.23	51843282.29	57853182.22	88553891.35	89953082.13	78366818.62	65210027.72	60126712.85	74417899.63	126315409.20	170031123.01
N	155164524.60	69265544.54	43523884.37	59130558.56	77154824.26	75932662.34	57712144.54	63189533.07	65244967.81	74111173.86	63395030.85	197307412.16
O	94405176.18	96999092.62	48411980.53	110460958.14	88446130.08	95448460.39	63566818.87	59057635.50	75319961.74	80971444.62	125606991.09	110031837.08
P	134828023.23	86448022.79	31259623.60	76450339.82	91029563.61	76420940.59	61148700.20	56443603.90	73859583.93	83905939.61	106297915.52	93525264.32
Q	103279750.87	61455322.24	21012280.69	33877271.22	61437986.98	87845197.83	62597995.61	45337394.04	63757460.64	65724167.73	84832379.23	95374370.13
R	88885132.85	67410920.13	25060203.08	53144294.34	72570066.54	105293880.51	75028621.33	61865317.95	68000782.38	82158830.22	89830753.28	100071276.28
S	68811810.57	70547519.40	118170369.10	102800121.06	68389206.37	87644456.46	126247540.72	106197018.89	89181743.68	111587590.06	95981575.03	119381285.85
T	56785539.61	84165092.61	158267173.22	203112513.30	85705604.02	127829128.54	291212150.15	300050846.30	101484696.38	179275985.40	122861207.83	141567653.12
U	64461371.57	71516005.57	67602891.68	95058612.37	64711069.75	81182633.67	108446863.99	102014113.16	99851306.93	102182741.10	68859741.07	82432226.05
V	52008473.82	86094786.31	87971560.21	104200306.52	63057654.34	49001737.39	80832180.78	102650802.42	91730387.23	108735845.78	199538863.54	82421774.62
W	35789038.49	68004139.66	61000047.41	71064087.95	42456892.87	39279009.33	67165811.12	131021654.32	113096639.68	112578015.79	159117704.39	108927989.26
X	90932376.32	48475304.20	87764901.85	46836998.88	89567691.06	16638540.33	98089951.30	159129385.67	138078949.32	186148075.60	59055675.11	53884748.75
