 	1	2	3	4	5	6	7	8	9	10	11	12
A	2751847.78	11978211.98	3793399.84	603949.24	971467.54	6051883.38	1522758.78	2155218.24	370716.28	2214211.13	613854.72	2321787.70
B	1647866.45	1486347.53	645767.83	617110.88	689171.62	513383.11	601387.07	508656.48	562187.85	921891.75	958366.69	2051944.87
C	4072925.19	3495093.13	4500151.26	3689696.62	2334545.91	1300982.14	1490155.87	2502300.59	2146764.95	1366140.54	8214984.17	3650548.23
D	4241075.51	4019086.13	3911181.50	3069987.09	2180680.32	2121420.54	2530339.95	2587560.02	2401321.17	1830047.68	2497183.49	3478948.34
E	3340011.33	3668700.56	3341934.83	2972356.93	1983657.39	660497.24	1482196.32	1311586.25	2054185.29	1802141.64	5300506.06	3015364.21
F	3764318.58	3688921.93	3463351.65	3624583.37	3249007.24	682223.31	1347781.58	1601889.08	2052337.88	2086000.06	4083178.81	1971285.10
G	3256184.84	3361590.56	3991575.81	3816981.34	5392691.33	1677856.01	2690458.54	2539795.53	2347204.32	2889121.53	4962644.10	3455449.49
H	2562292.10	2796184.22	2951453.56	2522863.82	3505173.55	1820612.23	2026608.31	2702126.18	2675225.60	2814175.51	6984182.57	1414011.10
I	2491397.49	2742251.75	2500212.45	1789005.86	5639699.30	2113216.47	7011603.05	6239302.52	3748198.32	4309593.21	2665087.73	966478.02
J	3518517.47	3016825.46	3502792.51	1940859.01	6941210.34	2632173.11	7419666.02	6804350.88	4363809.76	4444287.76	8017752.98	2409099.05
K	2772585.46	3175266.14	2791116.79	3172438.07	4140832.58	1454387.18	3030802.72	2805110.65	2861461.70	3590116.71	2595357.02	2312084.79
L	3276680.78	2763213.52	3701419.30	3998688.60	2088663.87	3094300.37	1748331.42	2960185.52	3932213.99	3470579.19	4174033.29	2618812.34
M	2767087.46	3413434.61	4309682.95	6436008.96	3823489.98	1968857.53	1851373.14	3371172.53	3265977.55	2807187.27	4972454.52	2953013.57
N	2395239.62	2499874.73	2182776.03	4808264.08	1727993.15	1745752.14	1289684.09	2031741.11	2225433.94	2654115.94	4748641.82	3107806.75
O	2257118.95	2172496.57	1986319.49	2086443.03	2437923.17	5709857.17	1754448.24	2629825.16	2233744.44	2881955.89	5057985.95	2860421.08
P	1923798.87	1794735.03	1597870.33	1557582.71	2201568.87	5067665.20	1693866.86	2761042.09	2135744.78	2667504.93	4136896.07	3079524.49
Q	1982011.11	1777292.71	1517610.67	1392575.37	938284.04	3323928.73	1387680.94	1966876.06	2177226.41	2322342.64	7530828.39	3837992.54
R	2554290.99	2139391.14	1704856.35	1544965.86	1305011.66	1661135.74	1704819.97	2116376.15	2095624.17	2233693.75	7490646.60	4312987.67
S	13621253.03	9557076.17	8875584.21	6686187.81	4814224.16	6191482.51	6290417.66	5461865.91	6077412.50	7425255.39	3171524.61	4312706.61
T	5720958.33	5354146.51	5190689.38	4232371.11	3374227.70	2675385.15	2734034.24	2978271.47	3763514.95	3526968.60	6802272.63	5150638.53
U	4069259.80	3258496.00	3153512.73	3310708.60	2468049.64	3129435.89	2148305.41	2305336.96	3045068.31	2441834.55	2032625.77	4391757.79
V	4173714.37	2978919.63	2483295.83	3282540.11	3328889.63	1660759.74	2024834.61	2143726.01	2942968.27	2536932.46	4185348.12	4413504.95
W	3999446.34	4343772.36	4118237.59	3774259.97	6446618.84	2092787.02	2039688.58	2971307.19	3408629.94	2978457.74	3599007.36	4448685.11
X	4030755.60	4695478.21	4219519.09	2860912.38	3325385.91	1063579.38	2693278.43	3625876.31	3495402.48	2942313.68	4271602.20	4594815.38
