 	1	2	3	4	5	6	7	8	9	10	11	12
A	113538962.26	219195876.05	128971006.34	20245842.67	75368879.67	201785744.57	90363729.66	71331119.45	16850584.45	105055271.49	16198188.56	67849374.28
B	22896526.53	23117781.02	14210526.19	15978861.09	19407132.57	15820566.27	18683182.82	17809615.27	20767708.26	61131044.77	24497582.02	63535894.21
C	119002298.32	91170288.63	116974271.11	88241510.40	120008687.33	43963004.75	44053191.26	80833738.29	57770208.15	67207892.38	204098615.91	94168461.28
D	147099381.23	144916747.39	162867674.55	135924978.19	94491500.56	107019690.06	118808396.62	96439221.98	84137569.04	141443694.79	117905183.64	90113920.56
E	70820570.45	94802868.18	59359394.60	36490131.09	52741201.90	15743401.20	30372062.99	47884485.24	52410518.69	70560762.48	222355693.45	135732201.87
F	70736805.65	80459198.55	58782217.21	41134195.15	83206254.85	14996707.74	38917683.91	50235753.37	54206592.65	78281069.06	178537688.76	96686117.69
G	92645034.08	105829815.97	107332265.75	110937934.58	138170960.01	49286855.91	98550972.07	87795832.46	104845332.75	113902693.19	175081440.11	230861306.79
H	95146517.83	110450668.56	94703757.96	96467983.83	103162386.04	60685137.64	89320864.52	88857175.98	98285615.69	100071041.98	257756363.02	118955578.40
I	154236179.49	164077154.87	173515216.63	152171651.61	194995822.54	82803059.33	427754161.26	193002038.36	234930015.42	192048794.56	64741782.90	16977791.15
J	192483761.78	164721493.33	186035756.63	149531584.62	171346049.89	74495329.67	351135215.43	225951241.53	255722162.79	177307181.70	185816049.30	40782747.05
K	110342906.12	117958003.80	106661036.93	152577037.73	122877865.42	85268981.92	125989967.48	126077083.28	107699193.67	118157666.40	111764324.26	49258377.76
L	93101263.32	109629914.47	105950568.76	121369660.17	88327028.39	186359411.36	70815929.35	112239077.64	109279767.76	94131901.49	155733775.50	66113595.67
M	89135264.24	103685337.16	102788178.78	173932096.50	107142703.68	113063330.96	69964867.80	104555146.14	79836095.37	89940848.21	158233007.35	70426878.61
N	89717632.50	94593748.38	86624628.13	126478484.00	85336260.03	116022297.41	53278089.74	107919012.88	71337433.65	87293575.82	217080014.58	91268077.47
O	69867728.32	88321488.30	74751363.32	74336054.70	97927346.63	144885838.86	67962252.93	91119077.54	88901119.00	86689922.91	212220323.54	127781173.36
P	73870736.19	81771393.40	74630976.38	67336404.27	107009069.82	158870984.77	53470565.03	108634921.90	75216683.76	95892371.18	241080360.39	118552662.79
Q	73276765.07	81030651.07	68366205.13	82825829.72	46929235.56	159511914.58	55814905.35	89348704.08	76348949.63	70016567.69	203862022.38	125501392.04
R	87384478.18	84154269.79	71902245.09	87970602.27	59611273.20	132592123.34	69646236.64	89461502.55	72756224.50	75797728.95	308885520.70	112814144.55
S	236918526.08	207704685.55	231750426.27	248905789.51	130388239.59	185278122.57	237539770.60	174665463.37	153838785.71	239661337.88	92803406.99	97142893.74
T	160944365.88	158174892.98	157527009.61	151510177.91	123179850.40	94122114.14	166551254.87	136751419.52	117460625.53	161159578.66	183997239.00	138161053.51
U	108058791.54	115329947.52	107814671.82	124647906.74	104150843.72	117253238.02	85088509.60	109473079.48	84817397.94	92578983.40	163032297.22	103401720.33
V	137563978.79	124299352.95	103778365.73	104857131.50	110610695.57	56551928.61	103854441.21	103085790.54	101177165.61	97900729.17	228846856.96	146149215.45
W	123204490.49	145769428.30	150257457.63	141910568.90	205322119.12	44918242.44	126045739.63	124185407.87	102875345.42	116552118.91	190753837.62	129166003.43
X	122938054.71	102560337.83	97194729.60	81111276.75	82032234.80	36149508.04	91355434.89	86668792.15	100050056.49	150144337.04	228839319.18	133990132.90
