 	1	2	3	4	5	6	7	8	9	10	11	12
A	80138957.43	8743010.31	78041162.14	17476786.38	246442838.51	14359355.39	166503042.48	67379239.39	3842630.84	16022075.34	6738498.90	50595771.83
B	38007040.18	16901234.34	359164896.43	30480459.50	157974984.21	21147236.44	148658895.69	81066227.05	6198029.87	16611112.19	10535077.50	54687933.98
C	56909272.76	66483544.91	70812758.38	32668408.16	51436819.92	60048761.81	283909157.09	99212152.84	93338385.62	108719458.22	68277728.36	20583222.24
D	56126924.60	70535902.72	47178890.84	41890695.70	33553341.26	45267590.22	44526981.74	67959307.28	119697137.56	161151576.83	158762106.16	41334984.31
E	56947486.80	69980319.48	41130241.88	17136116.82	42786007.49	29027495.12	26179953.63	84828287.83	110852455.54	108294414.42	174356234.30	24568149.05
F	66161206.77	67903196.05	46347249.18	16965271.50	45310167.02	22905904.89	31074001.88	74342278.66	113151461.32	121371842.49	147265787.01	25454137.86
G	86734772.14	82858901.13	80102806.21	43182326.53	91331844.63	60690575.57	58304691.58	75272486.27	95334020.32	122594733.37	112391659.39	17077201.77
H	81275571.08	88591593.59	79067306.36	56132665.08	84880523.94	87923693.85	50439330.16	69488785.87	102994911.67	112292531.83	62748035.02	13430356.65
I	171959855.98	163864353.60	351000007.50	582412854.81	169702833.00	99313309.21	52213491.92	65178565.42	81363245.91	130239035.81	124922879.01	13631478.11
J	158184264.36	140576607.63	194090259.53	110130551.11	131536967.42	80006619.68	39740555.76	60087267.58	92847224.32	114732763.30	202788130.40	40041508.22
K	97772015.74	93796314.35	116613470.42	114028816.29	103560460.45	73661166.96	105560402.86	90704367.07	83048425.51	120106455.35	83973839.37	80849217.61
L	56337992.56	62191188.80	58349008.36	30750108.91	67810184.42	106286681.88	64395098.56	79715928.28	69041810.59	85065458.50	168099805.92	163706938.24
M	64220060.80	55353555.19	49321118.86	49992909.28	93298004.66	80967841.26	172459551.23	94814008.40	55823868.18	80700899.13	188824028.81	209534353.30
N	57297294.02	52084702.60	38518284.50	28859577.25	53203016.94	67349800.64	75257276.27	103332232.82	63466703.77	75263756.55	199762537.78	179703449.67
O	49473704.14	61207939.53	40291441.51	29985654.26	70902914.04	107321282.68	67155048.91	70751331.02	67057263.45	81429625.38	162870406.00	121783192.14
P	44697219.11	45037757.34	34435517.86	31158783.48	62768397.43	65656838.68	71554281.25	80825902.43	65967117.00	79244175.90	126815732.61	95721022.48
Q	46362634.62	43542439.27	34048736.41	45902312.45	43133524.32	69928785.40	72710760.00	63988696.49	66170614.78	62947485.49	98763019.30	113805070.39
R	59555089.54	51377428.67	35835421.32	60363678.96	58618225.07	65848040.54	60927869.13	61800679.07	72890105.25	75206340.84	74481741.37	84502974.93
S	86599387.91	87624644.81	77417743.69	101276301.66	87229734.29	90050011.48	55620803.59	66806785.61	90463752.93	132331189.30	118071789.36	136834689.38
T	160348575.27	164881148.24	126690275.27	90988253.71	125065972.16	94451379.42	110324637.31	113528743.86	99226945.10	187089966.97	181040786.36	159706322.97
U	115768600.84	98379644.95	73973380.84	79901344.56	79784841.29	112300818.15	92635494.72	120011575.25	109812860.10	111584070.61	109824678.65	63308579.63
V	117030112.89	104231540.52	72230615.45	65763392.81	72328419.71	59432947.09	76460226.35	67775022.85	89868062.16	108745110.25	204551481.81	142113384.26
W	121110588.41	114893389.21	72149930.29	43862645.42	59793119.47	60708995.62	47805202.23	94895113.87	105964890.89	119145503.31	215258580.21	115909379.02
X	97828192.02	101800013.22	68383091.40	90328549.51	49441688.85	15469913.80	47174919.15	79536636.59	120171223.39	184179062.17	211067193.19	115367368.56
