 	1	2	3	4	5	6	7	8	9	10	11	12
A	144917565.00	67285964.00	121747497.00	10942865.00	5000618.00	16844995.00	12956674.00	129433890.00	8422283.00	10394798.00	6417890.00	37276031.00
B	16941609.00	16858854.00	15158470.00	12336406.00	3701741.00	3832467.00	20364962.00	16100900.00	5024773.00	9039538.00	8228791.00	36833026.00
C	60202290.00	50220142.00	55860328.00	27551805.00	41263142.00	48608901.00	128329119.00	75750669.00	60650978.00	64724364.00	50434226.00	18794878.00
D	63969254.00	73584776.00	51689315.00	35927810.00	24785078.00	39070108.00	33661353.00	40708968.00	79144069.00	85556091.00	91240175.00	35045161.00
E	41380975.00	63067477.00	32746458.00	16135163.00	33042653.00	25543576.00	22606763.00	62826151.00	69992691.00	87467887.00	112690277.00	20362182.00
F	49768039.00	59719585.00	35301158.00	14330755.00	35532317.00	21267906.00	23870581.00	58323474.00	69456724.00	85959967.00	77009392.00	22659799.00
G	71508676.00	72181084.00	68224213.00	36560320.00	67952542.00	43649229.00	44846232.00	57739890.00	86387764.00	104733289.00	66106146.00	15108310.00
H	61081219.00	63760003.00	57696341.00	41546465.00	68399399.00	62780512.00	48654120.00	51400978.00	76799447.00	85495213.00	36392631.00	13234492.00
I	159013234.00	160215618.00	272999177.00	515861238.00	109109452.00	70543678.00	40209088.00	44798896.00	58163855.00	90487251.00	79843625.00	10871628.00
J	124591800.00	111904336.00	124561486.00	81452633.00	89000874.00	59773595.00	27613623.00	42517453.00	66445682.00	82366830.00	116853038.00	31730271.00
K	80012370.00	77027250.00	83835980.00	104281968.00	81767010.00	58959809.00	85293764.00	77801939.00	75559460.00	100844223.00	59346348.00	72886808.00
L	55029882.00	62768615.00	66611596.00	35198529.00	65109120.00	97537020.00	72178862.00	90716008.00	81307610.00	73154650.00	104450690.00	131221368.00
M	58935852.00	59443804.00	55934038.00	59632252.00	78848840.00	72478445.00	148010071.00	96666641.00	58404425.00	76874943.00	123960596.00	156264596.00
N	55160270.00	51551523.00	48793179.00	33679983.00	60465108.00	69751525.00	107674626.00	120710019.00	67299605.00	70692224.00	129108462.00	144905539.00
O	46168861.00	62624825.00	41819088.00	30198495.00	74001686.00	97198527.00	69741343.00	72702339.00	75595317.00	78201917.00	92036670.00	91723938.00
P	48583687.00	51573650.00	39179131.00	28382564.00	74471892.00	68413774.00	83705070.00	76984419.00	72569436.00	79050890.00	78813385.00	75063527.00
Q	50917899.00	47640981.00	40716027.00	43973666.00	50363560.00	72394195.00	74399217.00	70393317.00	61682108.00	61767071.00	57303128.00	80419435.00
R	47657772.00	48711485.00	38858952.00	46648732.00	48293148.00	71005806.00	61679264.00	61800639.00	55751337.00	65713153.00	45417587.00	68735848.00
S	64608011.00	62854451.00	63469346.00	72890342.00	66631628.00	69892907.00	48788667.00	43087201.00	62962354.00	91315305.00	68289702.00	89479543.00
T	100799631.00	97710288.00	79034788.00	67013683.00	81752167.00	85450045.00	76817829.00	66121885.00	64813759.00	127249242.00	99303433.00	104832881.00
U	69264984.00	70462014.00	63369070.00	59993224.00	56445043.00	73302171.00	67416132.00	86133784.00	65809403.00	80325092.00	78606858.00	52307299.00
V	72034068.00	68618805.00	54857345.00	43989297.00	51108629.00	47002089.00	50271397.00	53283352.00	59965815.00	71784375.00	151072099.00	96037754.00
W	82619174.00	75312483.00	62237627.00	34765727.00	42284125.00	54218804.00	39266740.00	59175356.00	71331081.00	79318068.00	125412704.00	93013537.00
X	63660382.00	66759188.00	62425665.00	67910042.00	45755366.00	13129713.00	38173243.00	61607037.00	98025019.00	148664458.00	140589597.00	89542260.00
