 	1	2	3	4	5	6	7	8	9	10	11	12
A	62967075.33	8291956.68	60879708.65	15330741.75	251123183.21	14384454.99	131824102.58	60036346.97	4219756.16	15193781.92	10436168.18	44076925.70
B	30713763.38	16373057.74	297576529.04	25812470.86	144018803.75	18876197.07	108423863.91	82308567.83	6768161.77	14068361.40	11262832.76	54647459.05
C	55883677.51	54731428.65	63106470.43	29172028.56	46371994.31	45967561.71	178066305.52	75796427.22	68132747.74	78427366.42	61617794.88	24937815.00
D	51791678.62	63038351.18	46366855.10	37123870.00	28133183.46	34698721.76	34579767.33	53256994.63	88679908.34	106391505.61	127350971.37	49867049.48
E	49389894.23	55626625.92	35290962.52	17151950.60	35507801.61	25792526.05	21821299.01	59008396.40	79787120.58	89718760.22	136620406.01	26335074.58
F	54488883.26	53543404.28	37105572.05	16056959.66	37178039.11	21075290.48	26440181.42	64698155.59	88350590.17	95872468.95	135773654.42	27202017.14
G	77862944.76	80802936.24	70061078.91	52790761.56	79978594.49	54179367.73	53465326.87	71323294.00	92247062.26	111901203.08	81465146.83	22391849.82
H	83931740.47	87477391.11	74548926.17	64634881.75	76965039.84	78961308.22	53501557.37	74664243.46	104875215.61	117670466.74	60308516.91	16041348.81
I	202150582.29	155351672.47	316664067.52	575876241.51	157865733.07	97878526.29	62642253.11	68982711.77	83600715.60	143919268.39	97775054.24	14515786.15
J	162874383.25	107315633.37	188904077.67	117332809.50	123052141.71	77194145.80	47394543.92	64391548.59	92519112.71	127120718.08	177506768.80	39883865.84
K	98928015.47	107552414.69	112186532.77	145303472.64	100094044.75	79080154.52	115129694.03	101139383.78	102149198.44	134360721.98	81814355.80	77630500.56
L	73305421.81	75334497.41	76997564.13	38237371.79	74802348.48	120472829.56	81440092.94	106238103.56	93552945.27	96201378.22	165375704.78	168308477.96
M	76878745.99	74480029.64	66671724.04	67493117.53	88645284.67	94343892.57	179317964.06	109683075.53	67454874.14	85313725.47	146221891.56	176521097.96
N	79002391.20	61235893.38	50122727.55	42633417.82	57651033.88	82876465.10	100446915.71	115685513.59	75907472.45	81745136.26	164102542.26	148548531.59
O	61479333.31	73027347.12	58847831.71	43356866.98	86077203.90	111707848.76	76387154.60	86017448.62	83650368.23	83997285.18	142853528.27	120531038.28
P	57429324.65	57631235.22	47394708.74	39714135.10	84731115.33	79534086.98	85908804.51	94511946.07	81078694.74	85593158.19	137846745.77	93343582.45
Q	57976442.60	52647302.65	42002174.35	56402385.97	53692749.64	91598107.32	87179766.64	82807805.82	69625507.67	66100244.10	85402053.64	106144924.27
R	68290492.64	63249749.47	43508149.46	67603437.23	70002035.02	80882881.25	81494325.81	80472371.24	81419442.49	74280590.77	68843757.18	88759162.84
S	103840004.42	107626039.31	75219240.19	123829517.82	81529623.86	94576553.27	67489836.23	73911895.81	86847574.93	126799255.71	99267968.97	114451120.61
T	189225266.53	206174119.05	132828766.89	114647469.86	119403960.29	111979265.92	127663886.83	134119138.48	104100168.47	188698578.20	159975099.84	147267855.46
U	119689333.46	114655465.86	87948319.59	91827151.26	77319587.83	106982213.15	92282387.45	114982824.11	102264586.40	110907426.80	112406993.78	68069531.14
V	119668332.72	110760088.07	83621977.41	77915696.35	74609291.16	68719435.01	82332296.19	88337797.71	96064062.82	97524803.65	214679901.85	128281527.88
W	111992428.60	110566008.33	70091874.96	40593031.42	54837902.39	51112177.45	45182377.39	81709920.84	101408034.25	99032596.01	172722057.14	109083167.14
X	98140464.04	95254920.24	69857468.41	73896313.47	46847454.76	15176963.60	48077382.46	82236860.73	129919827.19	172494579.47	181697725.47	112424462.24
