 	1	2	3	4	5	6	7	8	9	10	11	12
A	11648620.16	11747463.28	13109141.35	3541349.74	2434139.27	5062368.46	3347362.90	20808122.60	3285738.13	2371159.10	1716297.17	2958595.04
B	2181080.04	2185854.36	1873817.36	1875567.42	1560409.26	1498861.35	3509754.48	3034655.20	1693340.72	3706606.16	2394255.84	3007945.09
C	2256191.95	2246584.48	1746578.20	2807067.97	3647210.68	2544542.81	2826542.18	3560701.65	3317896.83	4311792.98	6350621.74	3411483.40
D	2035728.43	2606731.42	1834106.92	1584434.71	1604336.48	3582931.32	2680537.68	2812208.05	3938916.05	4478607.29	7933536.30	4757080.47
E	1783563.03	2746522.75	1583818.14	1551237.62	2483332.35	3490468.44	2921619.14	3167470.22	3389942.82	5527725.43	14930677.95	3572872.15
F	1782451.65	2049740.27	1440985.73	1450098.90	2509287.95	2669590.36	2985596.96	3614873.31	3696401.80	5784304.00	13404250.77	4665189.03
G	3142676.92	4075040.23	2575972.22	4719275.92	5002414.38	4635665.07	4384678.41	4032258.26	4935282.86	6563374.23	10421776.50	4367617.41
H	3483965.04	3909188.74	3173334.25	3563366.77	3701379.35	4356428.28	4190828.72	4611099.26	4660702.82	6808735.24	8344690.90	3128767.24
I	17867257.57	10731168.59	45118059.60	14535452.66	6576064.92	5603296.65	10524632.87	9543346.96	7200312.42	21399070.43	12293999.76	4766117.16
J	12580578.46	7846343.58	10258262.53	7686768.97	5620787.45	4748195.75	5433150.69	5202830.09	5674674.81	11093294.54	12410439.18	9186512.46
K	4370223.66	4148343.60	4188247.80	11967133.69	4907041.99	3641936.68	6045665.71	5496500.77	4613205.48	8231475.00	8101823.37	9615941.62
L	2485839.76	3041620.39	2551869.56	4858566.76	2965469.09	2619296.34	3553372.22	4021471.03	4645078.10	6401627.46	8246988.93	12167774.78
M	3200520.11	3206201.17	2117796.49	5019456.92	5082504.22	2763119.97	3475138.50	3887254.59	3925608.48	6314138.30	17292655.71	12235049.51
N	2360646.46	3200003.99	2083068.32	4125006.43	3751621.52	2731267.99	3071165.68	3824452.94	3876414.12	5936339.19	24783257.04	14100081.27
O	2589109.00	4063772.09	2127983.93	2936542.22	3895487.13	3601041.25	2909146.61	3295174.98	3748972.36	6085788.13	13220916.03	7913505.64
P	2626401.94	3256198.11	2044882.87	2688421.02	3860727.88	2774962.91	2722883.13	3036451.81	3517860.27	5106253.16	12229020.63	7289210.87
Q	2540961.20	3451996.93	1967219.21	2448851.52	2956266.86	3023508.85	2484707.95	2983581.09	3733157.45	4673700.40	12781215.48	6811484.99
R	2772868.50	3737396.05	2171936.74	2583272.56	3684796.59	3199946.16	2665524.94	2923101.33	3520357.05	4919340.42	12644075.40	7360736.52
S	3929332.87	4248342.35	2385949.94	3240182.95	4705723.25	5390315.09	4471261.25	4055853.55	9820049.83	9008209.40	10481520.26	7770085.12
T	4808200.90	4476858.78	3005766.00	4273990.81	5278707.70	6482759.13	5647430.80	4545763.04	8702830.69	8904379.84	10509245.55	10196259.05
U	3605208.02	4826711.76	4075594.88	3392263.55	4507072.34	5377837.96	5020541.17	5151185.59	5385658.73	6270648.18	12492403.08	5863707.25
V	2999173.73	3855319.29	3103723.36	2571062.71	3605753.69	4894442.90	3642846.38	3374131.55	3774911.86	6462927.98	15036500.31	5348360.92
W	3409210.93	3672683.41	2307838.74	1891799.77	3444883.28	13318990.74	4005657.44	4166161.80	4776776.95	6417443.15	16886109.90	9413434.67
X	3415840.38	3114607.27	2430533.97	2371124.24	7880269.11	3040377.02	4643907.61	4376782.83	5752182.14	10245886.46	23734554.94	6558783.72
