 	1	2	3	4	5	6	7	8	9	10	11	12
A	141711333.49	10303899.59	124964205.27	21894649.90	557595410.82	26993657.22	309392940.34	75240895.44	8677631.53	71762133.01	20311595.47	59627376.89
B	52021536.11	19306165.01	589548694.34	32559082.83	333490715.39	25402670.21	169796182.92	175178387.63	12508206.95	103822855.38	23813296.08	73490162.43
C	93523289.73	85862074.28	122217150.08	92666262.64	101864197.37	69785733.60	105582716.76	116055713.98	85748286.89	103622100.83	87788034.70	51359631.70
D	74008425.64	128792968.59	92882678.81	109016983.52	95027832.14	128470127.03	136864897.84	109814702.42	87882476.96	144544798.67	167013890.76	107244055.73
E	56525264.88	77613783.79	43447438.10	46610317.50	85491569.07	35736115.80	38214819.63	73221165.96	78377309.31	94500513.18	258153734.74	69427332.76
F	54528486.37	68395087.57	40175686.65	45611094.54	114434963.15	38778326.39	38501928.06	72875459.06	79015074.58	143699845.15	219980098.90	92758495.54
G	84493889.64	108701384.05	92095428.94	147918820.74	163205110.71	91521591.83	122441108.38	115594446.64	127988050.65	146062205.72	226271253.88	110369805.32
H	96403845.58	126067921.80	112334930.07	144855566.44	123235546.05	100074625.86	90548391.57	133993056.66	128453222.14	154138836.51	200423400.62	68981381.35
I	199349196.77	184600347.56	539051239.67	368841701.14	203575104.11	176121727.45	409222239.76	298539045.85	218897471.19	270725926.19	116255577.75	17118806.55
J	154717197.86	211202413.43	297023059.79	283306173.91	197359244.64	162193612.40	297809512.16	247914299.15	249592668.55	226503807.36	253898388.54	41330744.92
K	102495451.30	134859544.27	186890992.52	185981211.94	138201227.82	98245608.76	194315516.57	163587266.05	160769139.34	183929520.46	191262455.47	54130174.02
L	78343216.55	100973624.57	82681228.24	104479377.96	92213307.19	104375399.53	64070352.79	131402915.03	127050987.28	129646580.57	180346254.85	94572019.84
M	89316340.69	93751918.71	92788406.37	106933663.66	96462104.41	121748161.98	105804997.51	154929626.28	106126867.03	144966958.81	237438075.99	108511215.75
N	87372381.93	86847064.70	58086702.53	87494630.13	71683734.04	344864825.01	55740548.67	101058246.33	68815238.91	115774709.95	174003460.29	107237411.38
O	78329727.86	107531928.71	80448508.18	111119343.52	98139924.46	225055820.72	94142339.10	112684830.30	103497627.34	129195307.53	262604962.95	145379919.49
P	145513783.00	93173903.59	76259766.06	74434928.91	99066001.28	152641464.82	110761297.33	127002462.43	101045987.79	119817166.59	255659923.06	124094364.02
Q	157410404.02	99823686.55	64314704.65	74128545.76	61147453.23	163194630.51	99895669.27	119187275.65	112939764.82	115909407.20	284938535.64	164887969.71
R	133342080.23	114221929.25	64091871.07	98057086.00	88071073.25	113148110.28	95624367.36	117448804.01	101263645.64	115342563.23	347850806.33	131625061.55
S	145005332.04	131773983.78	102577322.09	179182259.94	112299392.88	125301933.70	143928788.31	106096815.10	125935072.32	159237993.76	196663343.29	111360516.35
T	187756849.69	165143436.22	162221044.39	230562048.63	147749799.39	174053966.63	271740986.81	208775697.95	128189354.10	239234747.03	264563563.59	165433289.79
U	144538791.30	126833377.24	115061004.59	124419333.33	105401228.37	116771943.87	121085930.22	135133174.63	136005842.16	147463304.25	303521470.20	143947216.50
V	104384973.75	128239214.14	108386918.21	142982312.60	107675374.64	64923738.85	91806432.72	112409096.04	119108443.28	148372296.66	367863172.25	132996068.11
W	112417603.54	138416858.25	102873379.27	123700236.92	156569862.48	52479184.96	66197410.08	125864112.67	150648296.14	152387684.23	292103405.79	158093044.26
X	107277145.69	96360333.94	85195812.28	70203039.78	126254852.68	30753927.17	56317814.44	74740597.25	154534977.33	172711124.67	218757668.79	123284225.04
