 	1	2	3	4	5	6	7	8	9	10
A	3192041.68	3241123.3	3192209.67	3346238.43	3031939.88	3139617.23	2992151.36	3053650.63	2209441.21	2408117.24
B	3352110.7	3372146.68	3244177.41	3056657.0	3394217.98	3525623.75	4152468.78	4187093.87	4427238.98	2319682.5
C	9508581.59	6563088.27	4095568.01	5267980.36	23686910.75	19680855.08	41033557.47	39460365.62	43269459.73	3314124.31
D	4900535.44	7124860.38	4481458.04	4439496.09	6452497.26	16410972.28	33279563.58	29679616.09	38075280.95	3486394.52
E	4733693.62	15857939.62	4804153.5	5864599.41	16222132.08	23685554.23	39192524.12	40828331.07	27461416.44	3518209.88
F	4957263.67	7348847.82	4025330.35	4794306.98	33813434.08	25994418.13	45437739.57	39414788.09	31925086.62	3540942.4
G	6465919.85	13393672.38	7962292.42	14943279.62	61767183.07	36907515.59	35855854.73	31036754.99	32006080.34	3393109.25
H	15175430.51	32310414.91	24748143.87	29801039.27	34095635.59	30695224.14	35445988.95	30041040.27	26964408.65	3257595.7
I	27217179.65	74491532.61	510376840.5	66557557.67	26340249.2	14569529.87	20668555.55	17942318.72	19231465.67	3016407.4
J	12868410.96	54491668.04	75062611.69	42006029.4	31224661.44	13311475.45	14971553.68	18044199.08	22468667.13	3331196.93
K	12696887.54	35370460.83	15781523.08	24991214.55	44008397.82	26284959.76	41097580.31	32252721.29	30796369.7	3556110.45
L	56269674.84	25330790.0	8428314.5	19432134.68	20922559.8	22877450.39	31762489.99	31606219.54	25981794.68	3522889.95
M	18939185.61	34898143.16	7602482.86	23575658.89	36755722.12	22371699.43	35150568.81	28399954.09	23268190.4	3554910.81
N	59249529.91	25232119.96	6875444.09	19191302.36	25718560.71	20214877.05	30419007.93	26817198.22	23076137.78	3562585.1
O	27707127.93	27284731.64	7849851.4	42970611.48	36432158.69	23375655.33	25704154.95	23011418.44	26662205.39	3581187.89
P	46605331.29	17939260.19	7073778.98	23485813.81	27418457.97	25512308.4	26677412.43	23554955.88	24541977.83	3504545.82
Q	50084028.18	20601379.15	5678533.95	21127926.46	7984219.97	22407699.92	20509696.38	21660161.48	21361891.34	3379461.9
R	31005113.38	25985479.58	6508383.57	31071923.35	12757789.3	26130810.5	20972771.8	22341358.87	18964701.68	3339521.89
S	16987056.47	32034483.55	10816159.02	48105597.94	24272014.96	38040209.64	63352000.13	24669824.74	34974035.24	3769045.97
T	14807435.94	28462230.46	13257051.01	38220203.59	32473812.3	40957981.99	83253011.21	29881907.69	32346176.9	3744886.71
U	22702836.28	29119467.58	17149323.67	49745984.07	23840458.85	27007268.21	34737442.73	30165455.47	31034567.32	3661451.89
V	18962103.31	29616303.25	17348887.19	30449204.75	31261900.92	26347916.97	27565071.02	24191909.73	26822460.54	3397200.36
W	9728866.45	17357277.65	6418355.5	10313378.67	38724723.85	36180133.23	30596196.04	34223278.73	33823071.09	3712685.98
X	29202879.93	7514140.25	7997836.72	6636685.39	55305465.47	69493611.44	32848145.25	47627411.87	45790897.92	4365344.9
