 	1	2	3	4	5	6	7	8	9	10
A	12712442.99	14228425.65	14672899.5	14669170.77	13047551.11	12583034.34	11453665.15	12170764.13	15902236.07	62250967.83
B	16337260.48	17189723.48	18330784.62	18818445.69	16591016.14	14196693.89	16794278.67	18975367.2	16803527.61	11540811.46
C	157973277.09	155207683.57	140499547.99	244014093.69	148030364.93	57447803.6	141033933.5	189535465.72	151654792.86	127357314.98
D	147920915.28	148807788.2	133735893.98	84604017.21	46011974.08	48794625.56	58789111.78	106788034.93	121316722.11	25708784.34
E	163625525.58	191050849.19	150958823.33	307343062.96	79513899.61	29089270.41	47534338.95	129943506.62	75710542.87	125685929.55
F	214801909.67	189933049.56	207707603.26	215004557.06	100493822.88	24866262.35	99678546.73	98850633.9	91447622.99	387560507.46
G	121224397.06	135470189.18	130770597.09	116501905.92	136830007.14	212546030.68	62287338.43	66574677.08	59624228.48	93081687.92
H	97417616.8	97038385.57	100744561.78	101130194.91	130382592.51	236245914.0	110126502.84	74736375.91	67371681.89	125836924.53
I	91617746.22	76763808.23	77004983.46	47803898.34	87588087.29	134760822.78	44763429.65	47165954.9	43599891.9	169445233.37
J	98942308.45	80083360.04	72772280.78	48119957.55	100600036.63	55065241.06	41841377.52	50794793.62	51936552.1	213345363.38
K	117998468.79	121374169.76	101536356.46	100382176.04	169537782.88	70539571.33	134673192.14	91011438.89	77460108.43	181482465.93
L	123868008.78	121159210.29	98787970.49	47943067.72	167153272.8	60602802.39	150707611.96	139136044.62	116694457.47	204834682.7
M	100633440.13	91517410.48	91171030.37	61120280.11	156236730.28	47957111.67	90416187.42	110561667.54	97196945.98	247204175.07
N	90172416.95	100048433.19	69904485.49	53032153.81	110309174.59	47118342.82	122937634.78	116216300.99	108724805.55	247643017.56
O	82934768.91	97640112.91	79868016.7	56726568.33	91269026.3	186784583.32	118049874.47	80397584.5	78644058.43	290070481.1
P	74678174.08	77232529.76	66068274.73	40080132.64	64649083.39	118097848.5	81095548.94	63879434.13	74651087.31	37348866.43
Q	69872945.05	76064477.77	55095802.24	41702743.57	57367853.77	87841160.4	71309112.81	56901903.25	72567703.47	20783315.27
R	81064797.81	77863047.93	60513354.3	47451052.27	85520814.7	94059891.68	62671763.37	79505971.1	81279892.16	37102984.51
S	161629401.87	232388522.88	253085620.28	194965482.57	185883939.12	139651540.68	169427070.18	144467434.03	84665699.9	18577989.63
T	165859523.34	216541759.41	272744775.7	167074732.34	139161545.12	131864144.82	194983100.52	198529112.64	83345385.6	27394645.51
U	188774120.09	161463459.87	150920578.67	124395070.8	113380115.2	124075296.18	87803816.8	106803877.48	99876610.99	10473047.16
V	137472012.22	124981347.45	110889378.18	109170066.93	119583044.91	44214216.66	88223203.18	126749674.19	106158488.72	41000591.58
W	134459366.6	144798611.01	147638201.81	161573574.18	76260704.65	31783143.49	156932082.82	165226588.42	106568658.33	24682704.63
X	113106245.13	133382797.07	141308128.82	73786462.79	67192062.38	19886578.46	95589547.3	162456747.07	154595650.1	37492023.12
