 	1	2	3	4	5	6	7	8	9	10
A	79535313.64	307575728.24	245520213.45	101741603.21	276453577.93	174854654.51	55540040.06	137190831.56	77213540.29	6902975.45
B	22761982.8	79678509.58	120122783.6	93877513.89	180290124.54	219416755.89	126063753.98	20736731.52	66823966.4	6755022.46
C	51077015.53	47509325.38	46173219.75	30390208.27	50297530.92	80359333.13	41343051.18	41348116.0	32224524.29	78948457.55
D	35866445.8	65482459.47	62428091.26	28283118.94	21573579.27	71793735.26	48715981.88	39571682.61	34483364.69	92849540.73
E	29133619.15	97029704.57	57926330.3	44251996.39	57186166.64	69912312.14	46998419.1	81087610.28	36783047.18	78527543.91
F	30524854.72	68623648.62	41175065.43	46214430.11	51160260.74	62640186.98	43952209.62	168345473.26	50546807.03	77449942.43
G	37483911.43	97683966.69	96564957.11	114233535.65	110832964.27	105976648.21	83342015.16	208440555.94	64481587.66	94309604.31
H	61463708.05	94947885.55	93386214.68	120182333.35	131827905.61	139813148.25	94351340.83	115613823.99	55561456.92	176137650.88
I	85510854.76	198556338.67	408924666.52	160558967.47	223584444.02	156130225.18	55465785.09	103390397.21	43047750.53	126392899.04
J	48048464.48	231813739.09	277807104.57	235665143.67	234705879.2	144910934.37	36383081.44	102561619.55	50496189.25	154620824.67
K	44739237.78	135156920.87	109904204.49	91489531.26	108198021.89	111842078.03	188169007.49	140278202.55	62446408.28	147691754.55
L	57608329.31	80245055.91	50645961.56	37361043.15	67949466.76	90461454.85	79946961.27	169639007.47	58457420.02	88527184.68
M	60256860.47	88512562.69	83993170.5	58120575.16	92418281.69	120240706.71	90806815.92	92399327.78	50457580.82	117962056.34
N	77720737.41	70613853.74	54116323.1	52722135.13	69732530.44	111187705.39	91737101.69	118069046.76	108421102.55	258447770.51
O	89473837.21	122590278.0	66010661.31	63576434.64	100035517.79	124988419.17	114881966.4	103421191.83	154539046.7	67355953.38
P	217795654.97	80218598.06	45502702.51	39468881.56	77227152.62	104360446.2	144773515.32	82225273.04	198003477.5	56325630.47
Q	126624974.79	74364629.68	45851763.88	61645904.86	56734870.15	86458604.71	147366403.78	71634721.41	167513282.1	147943644.28
R	137862939.74	87635029.1	59267588.48	103183807.64	66674616.53	94704926.03	101179645.77	68651026.06	108966882.19	26700820.34
S	76500095.3	116773713.37	91799548.74	139055567.58	86950961.62	108025946.04	168187828.67	69955972.99	48048020.57	61386390.48
T	86397141.37	126798441.94	136493538.92	264916208.1	154773396.95	150583208.86	141034824.84	108944210.41	40939439.5	113952117.84
U	109052266.07	106405700.6	68809771.59	127089243.09	87785622.12	126800002.12	107405474.91	147173950.64	97311695.33	57649652.08
V	82198813.68	133199185.93	99950679.8	171237480.25	130122097.11	90766868.03	98587736.5	89002104.61	63961951.1	119240960.1
W	49880843.27	141903728.55	117612213.67	111881977.77	121746937.16	89579347.24	132597147.62	87842077.33	51994849.0	36746762.33
X	98700514.78	64999410.99	141361196.91	74066608.14	221829954.26	17847485.69	57686143.07	42545596.66	57096492.0	52876239.79
