 	1	2	3	4	5	6	7	8	9	10	11	12	13
A	37598810.38	35143548.25	19902429.91	19253908.03	4253542.16	4546118.54	9476796.48	4552066.78	21796087.54	23544279.04	22826371.82	3302032.9	37899264.0
B	41781754.16	37895408.86	31393040.98	32452084.44	22157078.26	32060500.99	35231030.54	15975518.4	35223112.69	40802753.49	37926429.88	5249817.56	31594432.68
C	39475919.02	40765685.99	36028176.88	42531628.58	64746436.14	58264712.04	164478049.29	24221580.49	46371911.02	74247116.49	67194830.28	33667337.81	37292921.62
D	31406390.93	30070668.19	28683013.84	31575936.34	43010884.84	39520305.3	71574802.59	12590204.12	37054751.72	48737110.74	47253030.58	36563159.46	12980058.87
E	36610477.24	47550530.35	50037178.29	43760076.02	36588830.45	75841973.2	66290755.77	10420495.74	36376283.98	58372418.72	54737883.56	31747145.67	28804153.28
F	38021317.95	38499559.85	40247925.75	37451691.8	67060193.13	27860897.09	50565252.02	11105708.08	35124034.63	57516108.65	50014407.72	11407063.39	34780376.99
G	37958663.2	30527746.89	32125733.33	35901371.19	59489978.09	10707229.56	31896887.12	10744069.66	21715650.52	41716796.29	47759688.28	4936563.35	10276357.37
H	40502803.23	38070256.37	27820313.82	34517369.05	10686233.45	29221098.76	23106687.19	19524611.73	27352723.16	44222500.11	40821373.45	5501770.43	37424609.58
I	33119129.61	27958025.39	21628064.11	24702448.51	5335316.75	4985348.49	12676023.05	7878954.05	22438427.38	35149457.76	38319595.03	6395534.88	37470500.79
J	31529738.73	24579926.49	17386057.94	21782508.94	4680021.9	3885412.37	8863807.49	4900732.35	17215881.47	29464606.85	33542337.37	22054235.06	37195117.0
K	36934100.13	32098565.8	29640390.5	24878507.54	14975666.0	11791185.47	22481471.51	19405805.35	32272144.3	41562555.74	45627016.54	21567040.65	40848661.11
L	38177302.32	33228137.21	37079083.65	20385154.42	15223669.03	25578975.63	60675025.54	34326950.01	45234002.81	55439798.85	67701143.27	41628279.54	6151677.57
M	52753558.84	68365386.08	78491697.31	63377049.99	48177847.65	31793733.59	62424250.58	33170263.04	28930278.37	63460054.0	64018843.57	32670646.67	78167512.87
N	36455272.07	35135177.75	38763339.71	18776464.36	23768417.62	15887774.65	37877855.34	31750983.92	28774019.54	46732917.63	59747499.74	28288484.92	13112515.7
O	34801657.15	28150995.85	26928508.95	16887057.91	18748691.65	34179341.18	26298530.4	30923468.57	26029649.79	44654472.68	53722105.86	28824097.96	97719381.32
P	33652621.86	31633397.7	25266720.82	22050909.85	39905406.93	18862609.46	23423591.49	41702692.49	19085218.15	42189405.71	52172218.18	24425400.27	5278091.45
Q	33313774.3	26239827.84	24337138.44	20265871.89	42030495.89	23291829.28	23637161.13	58943125.0	19326607.26	35832022.2	51197153.31	11829213.92	2909932.92
R	25901173.21	24536237.06	23204443.6	23170131.04	21440467.54	33395608.19	24577473.88	43973740.21	19672910.5	36915607.25	43270984.6	6498189.85	37591238.95
S	28201481.63	20234151.68	25719567.02	24759613.5	21249399.48	13814443.8	20805333.0	12674226.81	25285972.29	39555701.37	45966324.83	5860649.57	4453698.0
T	28144037.07	23684005.51	24995056.51	38808983.86	10051361.67	16838277.37	16768077.57	11577266.47	24963346.86	47769806.72	42876537.47	16195565.68	7803665.07
U	31473999.96	30054178.26	27753605.88	28641383.28	12984274.92	19589236.14	24600691.42	25564939.58	28158473.44	51734870.05	51976337.98	23966264.73	7571536.89
V	30092664.41	32709724.4	21331300.26	29550102.49	10115813.04	33359725.63	14966584.99	14505340.29	20239262.29	46066006.83	39242591.65	37554951.66	44008923.49
W	39140440.9	37415916.35	24489034.08	31841212.98	4952295.2	18393017.92	7402495.95	9580454.3	32543535.44	55066788.7	40824416.0	62869111.83	57318240.77
X	33638795.13	36622136.84	27439809.07	33812731.72	7655130.09	3213043.59	12968915.64	31241950.5	32054821.95	70552452.58	49809748.95	43995654.59	10685536.43
